"V1" "V2" "V3" "V4" "V5" "V6" "V7" "V8" "V9" "V10" "V11" "V12" "V13" "V14" "V15" "V16" "V17" "V18" "V19" "V20"
"1" 17.8 17.8 25.4 20.3 20.3 30.5 38.1 33 25.4 35.6 20.3 25.4 33 15.2 0 0 4.05 25.4 9.2 27.9
"2" 16.9333333333333 15.2333333333333 27.9 27.9333333333333 21.6 34.925 50.8 41.4666666666667 29.225 42.55 17.26 24.15 35.55 17.775 23.7333333333333 27.9333333333333 14.4 48.9333333333333 15.4 32.1666666666667
"3" 19.675 11.45 28.46 22.36 22.0166666666667 37.7428571428571 50.4875 43.18 33.0333333333333 46.24 16.76 38.0428571428571 31 18.9571428571429 16.3375 24.9375 20.0777777777778 40.8111111111111 31.05 38.2916666666667
"4" 20.3 11.8666666666667 27.325 21.6 23.2833333333333 39.9142857142857 49.3571428571429 43.18 34.7166666666667 49.78 17.26 39.4 36.08 20.7666666666667 16.6714285714286 25.575 22.425 43.2125 32.075 38.2769230769231
"5" 20.3 12.7 34.7333333333333 22.8666666666667 25.4 37.6 42.7666666666667 46.74 33.0142857142857 47 17.75 42.4857142857143 43.1714285714286 20.5 18.5 28.8875 24 36.4166666666667 29.7571428571429 37.0333333333333
"6" 21.2 11.425 31.1 24.75 25.85 36.85 36.81 42.2125 28.5 45.4444444444444 16.6444444444444 39.65 37.5222222222222 18.4888888888889 15.24 28.71 25.8545454545455 34.4333333333333 27.5333333333333 36.7636363636364
"7" 21.2 11.425 31.1 24.75 25.85 36.85 36.81 42.2125 28.5 45.4444444444444 16.6444444444444 39.65 37.5222222222222 18.4888888888889 15.24 28.71 25.8545454545455 34.4333333333333 27.5333333333333 36.7636363636364
"8" 17.8 10.825 32.375 26.2333333333333 25.85 38.1166666666667 35.9666666666667 46.0714285714286 28.575 45.725 16.825 40.6666666666667 38.3666666666667 18.2111111111111 15.1090909090909 28.4090909090909 25.8545454545455 34.17 28.59 36
"9" 17.8 11.2 29.96 24.125 24.7 40.6571428571429 36.075 45.72 27.9454545454545 50.375 16.1076923076923 34.4230769230769 37.9857142857143 18.8785714285714 16.1933333333333 29.5857142857143 26.3692307692308 31.75 28.8266666666667 34.515
"10" 17.8 11.2 26.025 24.88 22.45 39.3833333333333 35.4416666666667 43.1916666666667 30.3866666666667 50.9470588235294 14.47 31.01 33.9888888888889 18.8277777777778 23.45 30.27 24.7421052631579 33.21 24.58 33.9285714285714
"11" 16.9333333333333 17.8 35.55 29.6333333333333 24.5333333333333 42.3333333333333 63.5 33 35.875 44.4666666666667 16.9333333333333 31.0666666666667 30.5 16.5 22.9 23.5 15.2 33.05 20.2 27.9333333333333
"12" 15.875 14.4 29.2 28.575 21.86 34.54 50.8 40.625 30.5 42.68 17.76 23.9 38.6 18.1166666666667 24.8 26.675 20.3333333333333 46.225 23.7 30.475
"13" 16.9333333333333 17.8 35.55 29.6333333333333 24.5333333333333 42.3333333333333 63.5 33 35.875 68.55 20.075 36.9 30.5 16.5 22.9 23.5 17.5333333333333 32.2 22 27.925
"14" 15.74 17.78 38.1 28.575 22.0333333333333 35.1333333333333 50.8 40.12 29.2333333333333 42.3333333333333 17.7666666666667 22.8833333333333 40.6333333333333 19.05 27.96 26.92 20.6 43.58 25.4 32.5
"15" 15.74 17.775 33.65 31.5 22.4666666666667 37.6 46.74 43.16 30.9166666666667 44.4333333333333 19.5857142857143 22.4333333333333 40.64 20.65 26.44 23.88 20.95 42.06 25.4 33.65
"16" 13.5333333333333 10.15 30.5 26.2666666666667 19.7 43.8 52.0666666666667 38.7 32.8166666666667 47.1571428571429 17.2857142857143 33.9166666666667 30.5 15.24 17.9833333333333 23.62 17.6714285714286 32.8571428571429 21.3833333333333 31.7714285714286
"17" 15.74 17.775 33.65 31.5 22.4666666666667 37.6 46.74 43.16 30.9166666666667 44.4333333333333 19.5857142857143 22.4333333333333 40.64 20.65 26.44 23.88 20.95 42.06 25.4 33.65
"18" 13.5333333333333 10.15 29.85 24.15 20.84 46.72 57.15 38.7 32.8166666666667 46.3375 17.6625 35.5375 32.6166666666667 16.7571428571429 20.1625 24.1333333333333 20.5375 37.58 28.8125 34.0222222222222
"19" 16.5 16.26 33.02 30.9 22.8857142857143 38.1 47.4166666666667 43.18 29.4142857142857 41.7142857142857 19.5714285714286 24.1333333333333 43.7 20.65 26.44 23.38 19.8 40.64 24.9 32.7666666666667
"20" 16.5 11.16 29.98 23.88 21.1833333333333 42.75 53.65 41.4833333333333 33.9285714285714 44.8555555555556 18.5222222222222 36.3777777777778 33.0285714285714 16.8875 19.9 26.1285714285714 18.425 38.86 30.4 36.2888888888889
"21" 17.775 13.325 29.2 33.02 23.9 41.16 49.28 44.7 32.02 45.2 22.34 22.36 44.9 20.3 23.7333333333333 22.8333333333333 20.3 44.0333333333333 20.975 36.4
"22" 17.7666666666667 11.2428571428571 28.8 23.7166666666667 21.0571428571429 40.6285714285714 51.6444444444444 41 31.1125 45.77 17.94 36.88 33.6 18.35 18.2181818181818 24.7111111111111 19.7166666666667 36.2166666666667 31.8666666666667 38.7833333333333
"23" 18.78 11 29.98 23.88 21.6 40.6285714285714 53.3375 41.0666666666667 31.75 47.6777777777778 18.8 38.4333333333333 35.2625 19.62 18.4454545454545 24.0272727272727 19.6166666666667 36.425 31.3285714285714 39.1230769230769
"24" 17.7666666666667 18.6333333333333 29.2 27.1 23.475 38.1 59.675 37.2333333333333 36.2 46.5666666666667 17.125 24.5666666666667 32.375 16.525 26.2666666666667 28.8 13.5666666666667 48.25 22.84 32.1666666666667
"25" 15.2333333333333 16.0666666666667 27.0666666666667 26.2333333333333 20.325 34.3 52.7 38.725 27.1333333333333 45.725 16.74 30.5 32.375 16.525 27.9666666666667 28.8 20.35 46.4 28.55 32.1666666666667
"26" 18.4 10.8 30.475 23.7 22.875 38.75 65.4 46.5666666666667 35.5666666666667 51.75 19.05 41.4333333333333 34.925 18.7166666666667 18.8857142857143 25.8166666666667 20.7 46.2714285714286 33.2857142857143 40.85
"27" 18.4 10.8 33.52 22.8666666666667 23.88 37.7875 55.5142857142857 47.8333333333333 34.3 48.6666666666667 19.8833333333333 39.9285714285714 40.9857142857143 18.575 17.0888888888889 27.9444444444444 23.13 41.7777777777778 30.9111111111111 37.9
"28" 17.75 11.45 35.5666666666667 25.4 25.4 36.08 46.35 47.625 36.2 50.775 20.925 43.72 45.7 20.1166666666667 18.8571428571429 27.5857142857143 24.4625 36.4166666666667 30.0666666666667 37.0333333333333
"29" 22.9 15.2 39.35 27.9 28.6 38.75 39.7666666666667 47.74 30.4833333333333 47.85 17.7666666666667 41.4 40.6285714285714 18.3285714285714 16.825 29.85 25.55 37.2666666666667 29.6333333333333 37.2125
"30" 20.35 10.2 33 26.65 26.44 37.1 36.65 44.4333333333333 29.0285714285714 45.7285714285714 16.6857142857143 40.9875 38.0875 18.2625 15.8 29.0777777777778 25.9 34.6125 28.1125 36.63
"31" 17.8 10.825 32.375 26.2333333333333 25.85 41.5 36.5333333333333 47.8857142857143 28.575 47.625 16.825 40.9555555555556 40.9 17.9333333333333 15.3363636363636 28.46 25.3909090909091 34.2875 29.35 36.0642857142857
"32" 17.8 10.825 32.375 26.2333333333333 25.85 41.5 36.5333333333333 47.8857142857143 28.2222222222222 49.1111111111111 16 38.1 37.8454545454545 17.3272727272727 15.9666666666667 28.6454545454545 25.2833333333333 33.5888888888889 28.9 33.6533333333333
"33" 17.8 11.0333333333333 31.75 26.2333333333333 25.4333333333333 42.55 38.6444444444444 45.48 32.0583333333333 52.6142857142857 14.675 32.89375 35.45 18.6933333333333 25.7666666666667 30.7571428571429 24.2384615384615 35.7833333333333 26.0357142857143 33.41875
"34" 16.5 17.15 32.1666666666667 27.95 22.85 41.66 63.5 34.7 32.725 47.5 16.26 31.55 32.4 14.4 25.4 23.3 17.6 32.4 23.3 28.7833333333333
"35" 16.5 19.675 38.1 27.9333333333333 21.86 35.56 50.8 41.4666666666667 28.98 42.16 17.7666666666667 22.88 37.25 17.7833333333333 29.48 26.92 21.62 42.56 24.775 33.52
"36" 16.9333333333333 17.8 35.55 29.6333333333333 24.5333333333333 43.175 66.05 38.1 34.8 63.48 19.62 36.12 33.0333333333333 16.5 22.9 23.5 17.5333333333333 32.2 22 27.925
"37" 15.74 19.3 38.1 27.3 22.0333333333333 37.25 50.8 36.06 28.1285714285714 41.4833333333333 17.0428571428571 22.45 38.5166666666667 19.05 29.48 27.92 22.64 42.06 25.4 34.275
"38" 15.225 19.675 34.3 29.85 22.8833333333333 41.4833333333333 52.32 37.58 29.2142857142857 43.1666666666667 18.1285714285714 23.7166666666667 39.62 19.82 29.48 27.92 22.64 42.06 25.4 36.4
"39" 17.26 17.26 33.02 30.98 22.8833333333333 39.12 47.4166666666667 45.075 29.65 41.4666666666667 19.5714285714286 22.0166666666667 39.8166666666667 18.95 25.92 23.88 20.3 41.56 24.775 34.74
"40" 15.24 9.64 30.9 24.9833333333333 19.9571428571429 43.5428571428571 60.0125 41.05 33.1875 44.12 17.43 34.27 34.3 16.4222222222222 20.2 25.4 20.6555555555556 35.4363636363636 28.0777777777778 33.1777777777778
"41" 17.26 17.26 33.02 30.98 22.8833333333333 39.12 47.4166666666667 45.075 29.65 41.4666666666667 20.3 23.88 46.375 19.025 27.325 23.5 20.3 41.4 24.4 34.74
"42" 16.76 10.66 33.0166666666667 25.4 20.6857142857143 42.8625 60.9625 41.4833333333333 35.725 45.9 18.44 37.31 36.525 18.1111111111111 20.71 26.1 19.7555555555556 36.4727272727273 28.6454545454545 35.7375
"43" 16.5 17.26 31.75 33.02 23.6 42.1 49.1166666666667 44.18 30.8428571428571 44.4333333333333 22 23.88 46.375 19.025 27.325 23.5 20.3 41.4 23.3 34.74
"44" 17.775 9.55 32 24.38 20.75 41.7285714285714 58.7857142857143 41.4833333333333 34.7166666666667 49.2 19.2375 38.1625 37.3857142857143 18.4 20.0444444444444 25.7125 19.7555555555556 38.6 29.22 38.1285714285714
"45" 18.4 11.16 31.75 24.125 21.86 42.75 61.98 43.175 33.65 57.1333333333333 20.15 39.2571428571429 35.06 18.2142857142857 20.3285714285714 25.8166666666667 19.9571428571429 42.8625 33.4125 41.3
"46" 16.76 17.28 30.475 28.96 23.2666666666667 44.2714285714286 64.9428571428572 37.58 31.9428571428571 46.9833333333333 16.3142857142857 27.1166666666667 32.6714285714286 16.9333333333333 27.44 26.42 20.975 41.56 26.4833333333333 30.475
"47" 15.875 16.5 26.65 27.925 21.34 40.65 55.36 37.58 28.6 44.7 16.9166666666667 24.8 32.5 16.26 29.225 27.95 20.3333333333333 44.325 27.42 32.1666666666667
"48" 17.7666666666667 11.0333333333333 30.475 23.7 22.875 38.75 65.4 46.5666666666667 35.5666666666667 51.75 19.05 39 34.925 18.7166666666667 20.3333333333333 26.92 20.58 50.6 34.4 41.3
"49" 17.7666666666667 11.0333333333333 33.52 22.8666666666667 24.125 38.1166666666667 57.9833333333333 50.8 34.54 51.82 20.3 42.7833333333333 44.4166666666667 18.7 19.2125 27.95 23.1555555555556 42.8625 31.9125 36.7555555555556
"50" 15.2 12.7 36.8 25.4 29.25 34.3 48.2666666666667 50.8 36.4 50.8 21.1333333333333 43.875 50.125 18.56 22.4333333333333 27.1 24.3285714285714 36.58 32.52 37.225
"51" 19.05 11 35.5333333333333 27.9 27.9666666666667 35.06 41.66 50.8 30.98 50.8 17.76 44.9166666666667 45.2666666666667 18.7 18.4125 28.2625 24.6 36.2857142857143 31.75 36.38
"52" 22.9 15.2 39.35 27.9 28.6 37.475 39.8 48.24 30.05 50.8 17.7666666666667 42.8571428571429 42.0714285714286 17.9714285714286 18.1 29.85 25.1111111111111 36.4714285714286 31.75 36.7555555555556
"53" 22.9 15.2 39.35 27.9 28.6 43.825 40.6166666666667 50.28 30.4833333333333 50.8 17.7666666666667 39.8 43.8857142857143 17.9714285714286 18.1428571428571 31.2142857142857 25.3875 38.125 32.5 36.3222222222222
"54" 17.8 11.4 36.4 26.65 27.46 43.7 39.1714285714286 51.2166666666667 29.2125 51.4375 16.6444444444444 38.1 39.6 17.28 16.0363636363636 29.22 24.75 34.8666666666667 31.2625 34.2
"55" 17.8 11.0333333333333 31.75 26.2333333333333 25.4333333333333 42.55 36.3833333333333 45.9333333333333 27.95 48.7181818181818 14.8083333333333 35.1 43.4666666666667 17.8909090909091 30.4818181818182 29.3272727272727 22.9727272727273 33.16 27.95 32.075
"56" 16.5 17.15 32.1666666666667 27.95 22.85 41.66 63.5 34.7 32.725 47.5 16.26 31.55 32.4 15.2333333333333 25.4 23.3 23.4666666666667 32.4 27.96 28.7833333333333
"57" 15.875 18.7375 30.4857142857143 27.5714285714286 22.5777777777778 40.325 54.2875 35.5444444444444 31.6222222222222 44.0111111111111 17.52 22.4857142857143 36.825 17.4625 30.1285714285714 26.8428571428571 21.6142857142857 40.2 26.05 33.52
"58" 16.5 17.15 32.1666666666667 27.95 22.85 41.66 63.5 34.7 32.725 47.5 16.26 31.55 32.4 15.2333333333333 25.4 23.3 23.4666666666667 32.4 27.96 28.7833333333333
"59" 16.0833333333333 19.4833333333333 32.02 29.46 23.9571428571429 44.0166666666667 57.15 38.6 33.7571428571429 43.8857142857143 17.775 22.8666666666667 38.5166666666667 19.05 30.0666666666667 27.5 22.25 41.4 24.775 36.4
"60" 17.775 9.55 32 24.38 20.75 41.7285714285714 61.8166666666667 42.66 34.54 53.3285714285714 19.4428571428571 38.1625 37.6833333333333 18.1625 20.65 26.1142857142857 20.5 41.75 31.4 38.55
"61" 17.26 10.18 30.9 24.38 20.75 38.5333333333333 61.8166666666667 42.66 34.54 48.05 17.7666666666667 35.8428571428571 37.6833333333333 18.1625 20.65 26.1142857142857 20.5 41.75 32.5571428571429 38.55
"62" 16.26 17.28 27.94 28.44 22.45 45.22 59.94 36.06 33.04 46.55 18.3142857142857 24.125 33.8666666666667 18.2166666666667 29.48 27.7333333333333 21.86 41.56 27.42 31.48
"63" 16.0666666666667 13.5666666666667 30.475 23.7 22.8666666666667 38.75 66.675 50.8 33.0333333333333 49.2 17.775 35.46 38.075 16.1833333333333 23.2833333333333 26.92 21.6 47.2 33.88 36.85
"64" 16.0666666666667 13.5666666666667 31.3333333333333 26.65 24.5666666666667 33.025 60.325 52.7 34.925 50.8 17.775 34.925 40.6 16.78 22.84 28.46 23.38 38.1 37.45 38.125
"65" 15.2 15.25 35.5666666666667 22.85 25.4 34.3 49.525 50.8 36.2 50.8 20.3 38.125 48.22 17.5833333333333 21.0428571428571 27.5857142857143 25.1 36.8333333333333 32.1833333333333 37.0444444444444
"66" 15.2 12.7 36.8 25.4 29.25 34.3 48.2666666666667 50.8 36.4 50.8 21.1333333333333 42.3666666666667 50.125 18.56 22.4333333333333 27.1 25.1 37.25 32.6 37.3222222222222
"67" 22.9 15.2 39.35 27.9 27.9666666666667 38.75 43.175 50.8 33.65 52.7 20.3 43.85 48.22 18.04 25.4 32.02 25.64 39.62 33.5714285714286 35.74
"68" 22.9 15.2 39.35 27.9 28.6 37.475 40.64 48.24 31.75 50.3666666666667 19.0333333333333 38.9666666666667 42.4285714285714 17.6 20.5 30.8571428571429 25.0285714285714 37.08 34.04 35.2181818181818
"69" 20.35 11 35.5333333333333 23.7 26.44 42.18 39.7833333333333 47 30.175 48.6142857142857 18.0875 34.4625 39.2111111111111 15.8 17.64 28.5111111111111 23.2777777777778 35.4125 28.8428571428571 33.6076923076923
"70" 17.8 10.15 30.4666666666667 24.75 23.38 41.16 35.55 43.1833333333333 27.9555555555556 47.1222222222222 16 32.7444444444444 49.7285714285714 15.9333333333333 17.9 27.6555555555556 22.1555555555556 33.4555555555556 26.43 30.4846153846154
"71" 16.76 12.7 32.5833333333333 27.1 22 44.6285714285714 70.4 43.175 34.0833333333333 49.8375 18.2875 35.5333333333333 37.6833333333333 17.0166666666667 22.3285714285714 25.6 22.5166666666667 39.8375 28.9444444444444 32.4857142857143
"72" 15.875 11.425 32.5 25.4 19.8 44.2 69.1 43.1666666666667 34.8 50.7857142857143 18.3571428571429 35.85 37.6 17.0166666666667 22.3285714285714 25.6 22.5166666666667 39.8375 28.9444444444444 32.4857142857143
"73" 16.24 12.2 33.0142857142857 24.1333333333333 20.3166666666667 41.0666666666667 65.2 44.45 31.75 46.48 17.26 32.5166666666667 39.62 16.7714285714286 22.1428571428571 25.8166666666667 21.3833333333333 42.6285714285714 30.7 36.4333333333333
"74" 16.24 12.2 30.9 24.38 20.32 41.66 65.04 44.45 31.75 46.48 17.26 32.5166666666667 39.62 16.7714285714286 22.1428571428571 25.8166666666667 21.3833333333333 42.6285714285714 30.7 36.4333333333333
"75" 19.4666666666667 9.33333333333333 30.45 24.5666666666667 21.1666666666667 37.2666666666667 38.1 40.95 28.72 40.66 15.875 37.1 32.76 14.7 22.08 25.4 22.0333333333333 32.075 24.9 30.6714285714286
"76" 17.26 15.76 32.5 27.44 21.84 41.9166666666667 66.9 36.825 35.32 50.5833333333333 15.45 31.24 37.1 15.875 29.225 24.64 22.72 39.7833333333333 27.2625 30.1285714285714
"77" 17.26 14.22 35.1333333333333 26.6833333333333 21.15 42.8142857142857 65.3285714285714 38.1 34.0833333333333 48.2571428571429 16.3142857142857 32.225 38.9666666666667 17.4333333333333 26.0333333333333 24.75 23.3666666666667 39.7833333333333 28.6666666666667 32.875
"78" 16.5 12.7 35.56 25.4 19.3 38.12 61.48 44.45 31.75 46.48 17.26 32.5166666666667 39.62 15.75 23.3 27.42 21.08 39.1 30.7 36.6
"79" 17.76 18.8 32.5 26.94 22.34 42.7666666666667 67.7333333333333 38.725 31.775 49.26 17 29.6333333333333 33.3 17.775 28.8 23.825 23.74 35.575 27.9571428571429 30.05
"80" 17.775 18.82 35.9833333333333 27.44 21.5666666666667 43.1857142857143 66.0571428571428 38.75 35.55 47.76 16.76 31.5 38.62 15.875 31.125 26.025 25.26 44.18 27.8857142857143 31
"81" 19.05 20.3 36.2 22.8666666666667 19.025 41.275 61.6 37.2666666666667 34.7333333333333 45.7333333333333 18.6333333333333 30.4666666666667 41.5 14.4 34.7333333333333 27.9333333333333 24.5666666666667 47.6 28.7666666666667 33.9
"82" 16.5 21.1333333333333 37.475 24.5666666666667 19.675 40 60.325 41.5 34.7333333333333 47.325 17.775 29.225 43.175 14.625 29.525 29.2 24.45 44.425 29.85 33.9
"83" 16.9333333333333 15.2333333333333 36.825 25.4 19.675 37.5 64.775 49.1 33.0333333333333 49.85 17.775 31.125 40.625 15.25 23.2 29.2 21.275 41.9 29.85 33.9
"84" 22.0333333333333 12.7333333333333 33 25.4 19.4666666666667 30.4666666666667 35.5666666666667 42.525 29.4 45.075 14.74 35.32 34.54 13.975 27.1 20.9 16.8888888888889 34.4833333333333 23.7714285714286 31.2142857142857
"85" 20.3 24.5666666666667 33.0333333333333 21.6 20.3 43.175 64.15 40.65 33.025 44.45 16.1 27.1 37.2666666666667 12.7 36.85 27.95 26.7 52.4666666666667 31.75 35.6
"86" 19.4666666666667 21.575 35.56 22.875 19.28 42.3333333333333 63.9166666666667 40.14 33.04 45.22 16.5 30.475 40.65 14.4 34.7333333333333 27.9333333333333 24.5666666666667 47.6 28.7666666666667 33.9
"87" 19.05 20.3 36.2 22.8666666666667 19.025 41.275 61.6 37.2666666666667 34.7333333333333 45.7333333333333 18.6333333333333 30.4666666666667 41.5 14.4 34.7333333333333 27.9333333333333 24.5666666666667 47.6 28.7666666666667 33.9
"88" 16.5 21.1333333333333 37.475 24.5666666666667 19.675 40 60.325 41.5 34.7333333333333 44.9 17.7666666666667 30.4666666666667 43.1666666666667 13.5666666666667 29.6333333333333 29.6333333333333 24.5666666666667 44.425 29.6333333333333 33.9
"89" 23.7 18.6666666666667 30.45 22.0333333333333 17.7666666666667 27.9666666666667 37.58 36.2 26.9 36.2 13.9285714285714 31.75 37.33 13.3777777777778 25.5181818181818 25.175 27.3857142857143 33.5 30.8 29.3555555555556
"90" 22.85 19.075 31.3 22.875 16.5 26.675 35.04 37.8833333333333 27.7714285714286 35.3857142857143 14.3666666666667 31.75 36.2444444444444 12.6625 26.3333333333333 26.0428571428571 25.5333333333333 35.5714285714286 29.0428571428571 28.2625
"91" 21.6 21.6 33 25.4 15.25 25.4 30.45 42.3 32.1666666666667 39.8 13.975 29.6333333333333 35.525 11 28.7 21.1666666666667 21.05 38.75 22.36 28.96
"92" 20.3 24.5666666666667 33.0333333333333 21.6 20.3 43.1666666666667 63.5 39.8 34.7333333333333 42.3333333333333 19.9 27.1 35.5666666666667 16.9333333333333 36.85 27.5333333333333 26.2666666666667 43.15 29.6333333333333 36.4
"93" 20.3 24.5666666666667 33.0333333333333 21.6 20.3 43.1666666666667 63.5 39.8 34.7333333333333 42.3333333333333 17.8 25.4 36.85 12.7 36.85 27.95 26.7 43.15 31.75 35.6
"94" 20.3 24.5666666666667 36.2 22.0333333333333 20.3 43.8 64.125 39.8 34.7333333333333 42.3333333333333 17.8 25.4 36.85 12.7 36.85 27.95 26.7 40.6 31.7666666666667 35.6
"95" 22.8666666666667 26.675 36.58 24.15 21.32 42.66 66.04 41.275 33 41.275 16.1 32.1666666666667 39.8 11.8666666666667 32.2 27.1 29.6333333333333 41.5 27.625 33.675
"96" 30.5 31.75 39.8 26.7 22 43.1666666666667 66.0333333333333 40.65 35.55 41.9 16.5 35.55 43.15 11.45 31.75 27.95 34.3 40.65 26.6666666666667 33.0333333333333
"97" 11.45 10.6166666666667 30.05 33.0285714285714 21.4 47.8857142857143 33.3857142857143 30.8571428571429 34.04 58 18.3 24.9833333333333 40.1666666666667 16.45 23.28 26.44 15.3 59.075 31 23.8444444444444
"98" 21.84 19.32 33.025 22.36 18.78 28.3666666666667 40.2111111111111 40.26 29.5 34.15 13.83 31.48 40.2083333333333 12.09 26.7769230769231 26.75 36.7888888888889 38.98 32.6363636363636 29.98
"99" 23.7 22.0333333333333 33 23.7 18.6333333333333 27 39.3571428571429 39 29.5714285714286 33.25 12.8375 31.2 39.7777777777778 13.15 27 27.0875 36.9833333333333 42.18 33.325 29.9222222222222
"100" 17.75 22.85 31.75 24.15 17.8 48.25 58.4 41.9 30.5 48.25 20.95 31.75 45.7 17.8 33 27.9 35.6 66 30.5 37.2333333333333
"101" 21.6 21.6 33 25.4 15.25 25.4 30.45 43.15 33 33.05 15.2333333333333 29.2 40.6 13.1333333333333 27.94 29.2 28.8 42.225 30.5 29.85
"102" 20.3 24.5666666666667 33.0333333333333 21.6 20.3 43.1666666666667 63.5 39.8 34.7333333333333 42.3333333333333 17.8 25.4 36.85 12.7 36.85 27.5333333333333 26.7 43.15 31.75 35.6
"103" 20.3 24.5666666666667 33.0333333333333 21.6 20.3 43.1666666666667 63.5 39.8 34.7333333333333 42.3333333333333 17.8 25.4 36.85 12.7 36.85 27.5333333333333 26.7 43.15 31.75 35.6
"104" 25.4 29.6333333333333 38.1 25.4333333333333 21.575 43.8 67.3 42.3333333333333 33 41.4666666666667 16.5 35.55 43.15 11.45 31.75 27.95 34.3 40.65 26.6666666666667 33.0333333333333
"105" 30.5 31.75 39.8 26.7 22 43.1666666666667 66.0333333333333 40.65 35.55 41.9 16.5 35.55 43.15 11.45 31.75 27.95 34.3 40.65 26.6666666666667 33.0333333333333
"106" 11.7 10.2 27.42 32.6 20.7333333333333 48.25 30.4833333333333 29.6166666666667 34.04 56.38 21.6 26.94 41.6 16.45 24.025 27.9333333333333 17 68.6 31 23.4
"107" 12.2833333333333 11.0333333333333 29.7428571428571 33.35 20.625 46.9875 27.95 30.15 35.5833333333333 57.5833333333333 16.1 25.8333333333333 41.0428571428571 16.4666666666667 23.88 25.4 16.3 66.56 31.5714285714286 24.4375
"108" 13.325 11.45 30.98 34.3 20.3 44.0166666666667 27.95 30.4833333333333 35.58 58.94 17.8 27.44 44.0666666666667 17.72 22.78 25.92 17.04 67.95 31.75 25.38
"109" 22.225 21.6 35.5666666666667 22.225 19.7 28.72 41.425 40.7777777777778 30.325 33.5857142857143 12.05 31.5888888888889 38.3 12.8666666666667 27.3166666666667 27.01 34.89 40.12 31.1 30.36
"110" 22.225 21.6 35.5666666666667 22.225 19.7 28.72 41.425 41.275 30.1142857142857 33.4666666666667 11.7 30.4714285714286 38.4363636363636 13.2 27.2636363636364 27.7555555555556 34.89 40.0666666666667 31.1 29.34
"111" 21.6 21.6 33 25.4 15.25 27.5333333333333 38.1 44 33 32.2 15.2333333333333 29.2 43.475 16.1 28.8571428571429 28.9 40.92 41.05 31.48 27.7333333333333
"112" 18.6333333333333 25.4 33.675 26.2333333333333 19.65 45.725 59.675 41.275 33.025 45.7 18.6333333333333 31.3333333333333 49.1 12.7333333333333 36.4 26.2333333333333 41.4666666666667 53.3 33.0333333333333 31.3333333333333
"113" 23.7333333333333 28.575 35.575 27.9333333333333 21.575 43.175 66.675 43.175 33.65 44.425 16.575 34.7 53.3 13.275 32.9 25.84 40.725 47.025 30.45 29.6333333333333
"114" 25.4 29.6333333333333 35.5666666666667 26.7 22 43.1666666666667 67.7333333333333 42.3333333333333 33 41.4666666666667 16.1666666666667 34.7 52.4333333333333 12.7666666666667 31.1666666666667 25.95 36.5333333333333 45.7666666666667 28.7333333333333 31.75
"115" 30.5 31.75 39.8 30.5 23.475 42.525 66.675 42.3333333333333 35.55 41.9 16.5 35.55 43.15 11.45 31.75 27.9333333333333 34.3 40.65 25.4 31.75
"116" 30.5 31.75 39.8 30.5 23.475 42.525 66.675 42.3333333333333 32.1666666666667 41.4666666666667 13.5333333333333 30.4666666666667 41.4666666666667 11.8666666666667 31.3333333333333 28.7666666666667 34.3 43.1666666666667 31.725 31.125
"117" 12.2833333333333 11.4666666666667 28.35 34.8428571428571 20.6714285714286 47.1571428571429 30.8428571428571 30.1 33.45 56.38 19.32 26.94 41.6 16.45 24.025 27.9333333333333 17 68.6 31 23.4
"118" 12.7 11.2 30.46 33.45 19.45 46.1333333333333 27.1 30.4666666666667 35.575 60.975 20.975 26.675 43.22 18.35 22.125 28.7666666666667 16.9333333333333 72.8333333333333 30.5 24.1166666666667
"119" 13.2 11.2 30.4833333333333 33.7571428571429 20.3 43.1714285714286 28.6714285714286 30.4714285714286 33.8833333333333 57.5833333333333 15.25 27.5166666666667 45.3857142857143 17.3 21.95 25.8333333333333 18.6666666666667 66.04 32.52 24.9666666666667
"120" 13.2 11.4333333333333 30.1142857142857 34.3 20.3 43.175 27.95 30.1625 33.0285714285714 58.4285714285714 14.1571428571429 27.5714285714286 45.75 18.2 22.4166666666667 26.1285714285714 19.2714285714286 67.7333333333333 32.6 25.3857142857143
"121" 22.225 21.6 35.5666666666667 22.225 19.7 28.72 41.425 41.275 30.1142857142857 33.4666666666667 11.7 30.4714285714286 38.4363636363636 13.2 27.2636363636364 27.7555555555556 34.89 40.12 31.1 30.36
"122" 20.3333333333333 21.1666666666667 36.85 23.7 18.6 29.55 41.2666666666667 43.6 33.52 33.05 11.65 30.04 38.8875 13.75 27.7222222222222 27.4142857142857 36.05 41.7142857142857 30.48 29.05
"123" 20.3333333333333 21.1666666666667 36.85 23.7 18.6 29.55 40.2166666666667 45.7 34.2833333333333 38.12 16.26 29.2 43.65 15.0166666666667 29.5375 27.4142857142857 42.0875 40.95 32.8125 27.7875
"124" 22.8666666666667 21.6 35.55 23.7 13.95 27.625 36.4 42.66 34.02 35.06 12.7 26.8833333333333 30.4714285714286 12.96 28.9 27.94 34.4857142857143 37.5571428571429 25.4 23.5125
"125" 20.82 23.7 32.6166666666667 24.125 20.7166666666667 46.72 58.8333333333333 43.1833333333333 28.8 44.2 18.34 33.0125 57.88 13.95 32.9333333333333 26.94 42.22 54.625 35.04 29.825
"126" 22.225 24.38 33.04 23.7 21.82 45.7 61.46 44.2 28.46 43.16 17.85 33.85 59.65 15.2 34.175 28.6 42.625 51.6333333333333 36.175 28.96
"127" 27.1 26.025 34.325 26.2333333333333 22.225 43.2 61.6 43.825 27.95 41.9 16.7 32 57.1 14.025 31 25.4166666666667 38.825 50.7666666666667 31.075 30.4666666666667
"128" 27.1 26.025 34.325 29.2 23.36 41.66 63 44.2 27.95 41.9 16.7 32 57.1 14.025 31 25.4166666666667 38.68 50.7666666666667 31.075 30.4666666666667
"129" 13.1166666666667 12.3 30.8833333333333 35.5714285714286 19.5714285714286 45.7142857142857 28.6714285714286 30.8285714285714 34.56 60.975 18.82 26.675 43.22 18.35 22.125 28.7666666666667 16.9333333333333 72.8333333333333 30.5 23.36
"130" 13.325 11.45 31.1 34.04 19.28 43.68 26.94 31 35.575 60.975 20.975 26.675 43.22 18.35 22.125 28.7666666666667 16.575 72.8333333333333 28.8 24.75
"131" 13.95 12.7 31.48 34.3 19.45 41.9 27.5333333333333 29.6333333333333 32.6 59.7 15.6666666666667 27.0833333333333 45.3857142857143 18.28 21.82 27.92 19.5166666666667 70.62 31 24.9666666666667
"132" 13.5333333333333 13.325 32.375 35.58 20.3 46.72 27.44 29.98 32.52 58.42 16.76 27.92 47.24 18.8 24.36 25.9 21.84 68.08 33.02 25.9
"133" 20.34 22.86 37.08 23.88 24.9666666666667 32.1285714285714 43.0125 46.675 33.3714285714286 31.3333333333333 13.325 29.5714285714286 44.35 15.3444444444444 30.1083333333333 27.08 40.1 41.3545454545455 30.7583333333333 28.58
"134" 20.34 22.86 37.08 23.88 24.9666666666667 32.1285714285714 41.9 46.9875 33.9625 35.2 15.55 29.6333333333333 47.1090909090909 14.4888888888889 30.7181818181818 26.7 45.2454545454545 40.6636363636364 32.6363636363636 26.5636363636364
"135" 21.6 22.9 36.4 25.4 26.2333333333333 29.6666666666667 39.35 47 34.275 36.175 12.7 28.18 38.4857142857143 15.68 31.7571428571429 25.8666666666667 40.3 41.2285714285714 28.6 24.2888888888889
"136" 23.7 22.8666666666667 33.8666666666667 27.1 24.5333333333333 48.25 59.2666666666667 46.5666666666667 25.4333333333333 48.25 17.8666666666667 35.5333333333333 66.8333333333333 15.925 31.625 32.2 45.8 59.7 39.975 29.22
"137" 27.1 26.05 33.675 28.94 22.36 38.62 64.7833333333333 43.5166666666667 22.875 40.025 12.74 33 48.74 14.78 22.26 26.8166666666667 39.4125 54.275 33.5 29
"138" 13.95 16.5 36.8 33.9 16.0666666666667 42.3333333333333 31.3333333333333 31.3333333333333 31.125 53.3333333333333 11.45 27.1 44.8666666666667 16.5 20.3 25.4 20.3 68.6 35.6 23.7
"139" 13.325 13.35 33 33.675 17.125 46.35 30.475 30.475 31.75 54.6 19.675 29.825 47.6 18.4 22.2 26.025 22.2 67.95 31.125 23.5
"140" 13.325 13.35 33 33.675 17.125 46.74 32 32.5 32.02 54.88 19.675 29.825 47.6 18.4 22.2 26.4 21.82 69.1 28.44 22.86
"141" 13.325 13.1166666666667 32.5 34.3 18.6166666666667 45.3571428571429 30.4857142857143 32.2857142857143 32.6571428571429 55.45 15.2333333333333 30.4571428571429 46.4428571428571 17.0428571428571 20.6571428571429 28.0875 23.9777777777778 70.175 29.85 23.8125
"142" 13.95 13.95 33.8666666666667 34.3 19.675 44.7 29.48 33.02 34.02 55.38 13.9666666666667 28.94 46.98 18.8333333333333 20.8 29.4166666666667 25.0285714285714 70.2833333333333 29.2166666666667 23.7166666666667
"143" 19.7 22.85 37.08 23.5 26.92 32.4 44.4428571428571 48.2666666666667 33.4333333333333 33.52 13.2 29.7571428571429 44.3222222222222 15 31.45 27.025 41.89 42.3555555555556 30.0666666666667 27.3125
"144" 20.3333333333333 23.7 36.825 25.4 27.3 31.76 42.0857142857143 47.4166666666667 33.85 35.04 15.74 29.0285714285714 47.325 15 31.45 26.075 46.2666666666667 41.2333333333333 31.9888888888889 26.05
"145" 20.3333333333333 23.7 36.825 25.4 27.3 31.75 40.12 47.76 34.275 36.175 15.74 29.0285714285714 47.9142857142857 15.6 31.6 26.5285714285714 47.925 41.7875 31.7375 25.1333333333333
"146" 20.35 25.4 38.9666666666667 30.4666666666667 31.1 37.475 37.58 53.86 29.96 39.975 13.1166666666667 26.0333333333333 45.1666666666667 15.1857142857143 32.0333333333333 27.0714285714286 40.6222222222222 38.3125 26.9375 24.1444444444444
"147" 15.2 17.8 33 38.1333333333333 17.7666666666667 41.5 36.4 32.1666666666667 29.6333333333333 57.15 11.8666666666667 30.5 46.95 20.3 20.3 30.5 25.4 66 38.1 24.15
"148" 17.7666666666667 21.6 35.575 38.75 23.475 41.9 52.075 44.425 31.3333333333333 48.2333333333333 19.725 33.44 63.275 18.95 25.86 37.425 45.65 78.85 40.7666666666667 27.9333333333333
"149" 15.2 21.6 35.55 49.55 24.1 43.15 44.45 40.6 30.5 45.7 15.2 33.05 54.6 15.25 25.4 33 33 61 38.1 27.9
"150" 15.2 17.8 33 30.5 17.8 40.6 40.6 33 35.6 50.8 12.7 40.6 53.3 20.3 20.3 30.5 25.4 66 35.6 20.3
"151" 13.5333333333333 14.4 34.7 32.2 16.9333333333333 45.075 33.65 33.65 32.4 53.35 12.7 30.4666666666667 49.9333333333333 16.9333333333333 22.8333333333333 27.925 22.2 67.95 29.6333333333333 21.6
"152" 13.5333333333333 14.4 34.7 32.2 16.9333333333333 45.075 33.65 33.65 32.4 53.35 12.7 30.4666666666667 49.9333333333333 16.9333333333333 22.8333333333333 27.925 22.2 67.95 29.6333333333333 21.6
"153" 13.5333333333333 13.22 33.65 33.54 18.28 43.6 31.3333333333333 33.0166666666667 34.2833333333333 53.35 13.7857142857143 30.8833333333333 47.4166666666667 16.5 20.7166666666667 29.2 24.4375 69.3142857142857 29.7571428571429 23.2285714285714
"154" 13.95 13.95 33.8666666666667 34.3 19.675 44.7 29.48 33.02 34.02 55.38 13.9666666666667 28.94 46.98 18.8333333333333 20.8 29.4166666666667 25.0285714285714 70.2833333333333 29.2166666666667 23.7166666666667
"155" 17.7666666666667 15.2333333333333 36.2 33.45 19.8 43.1833333333333 30.0666666666667 32.1833333333333 35.55 46.15 13.9666666666667 28.94 43.8 17.6 19.2285714285714 28.8428571428571 24.125 70.2833333333333 27 22.5
"156" 19.5 22.85 37.08 22.225 30.475 33.25 48.4428571428571 47 33.8666666666667 36.8166666666667 17.3333333333333 29.7 52.4125 14.2857142857143 29.6444444444444 26.6333333333333 50.52 44.1888888888889 34.2444444444444 28.4222222222222
"157" 15.2 19.4666666666667 32.1666666666667 48.3 24.1 42.3 44.0333333333333 44 29.2 55.85 16.5 36.85 45.75 16.5 24.15 30.45 34.3 78.7 35.55 25.4
"158" 20.35 23.7 36.825 23.7 32.1666666666667 32.78 45.72 46.15 33.52 36.8166666666667 17.3333333333333 29.5125 50.8285714285714 14.7666666666667 30.6222222222222 26.15 52.1888888888889 43.0666666666667 33.0125 27.3
"159" 20.35 25.4 38.1 25.4 32.1666666666667 35.5666666666667 43.175 48.275 34.7 43.175 17.76 29.7428571428571 49.1333333333333 15.68 31.25 26.4 48.9571428571429 41.9571428571429 32.1666666666667 26.9285714285714
"160" 20.35 25.4 38.9666666666667 30.4666666666667 31.1 37.475 37.58 53.86 29.96 39.975 15.74 26.8571428571429 49.7285714285714 15.6 31.5714285714286 26.7166666666667 48.2333333333333 41.1333333333333 30.4666666666667 23.6
"161" 15.25 19.4666666666667 32.1666666666667 48.3 24.1 42.3 44.0333333333333 44 29.2 55.85 16.5 36.85 45.75 16.5 24.15 30.45 34.3 78.7 35.55 25.4
"162" 15.25 19.4666666666667 32.1666666666667 48.3 24.1 42.3 44.0333333333333 44 29.2 55.85 16.5 36.85 45.75 16.5 24.15 30.45 34.3 78.7 35.55 25.4
"163" 15.2 17.8 34.3 39.4 19.05 44.45 39.35 33 30.5 50.8 13.95 40.6 53.3 20.3 20.3 30.5 25.4 66 35.6 20.3
"164" 15.2 17.8 31.75 27.95 19.05 40.65 58.45 45.7 29.2 45.7333333333333 20.3666666666667 31.65 67.4333333333333 21.8666666666667 22.8 38.05 43.1 78.85 41.4333333333333 26.65
"165" 15.2 21.6 35.55 49.55 24.1 43.15 44.45 40.6 30.5 45.7 19.1 32.8 74 21.6 21.45 38 40.5 79 40.55 27.9
"166" 17.75 17.8 38.1 33.05 19.05 31.75 39.35 29.2 35.6 54.6 13.95 40.6 55.85 15.25 20.3 29.2 26.65 71.1 38.9333333333333 20.84
"167" 15.2 17.8 33 30.5 17.8 44.45 39.35 36.8 36.8 57.15 13.95 40.6 53.3 20.3 20.3 30.5 22.85 69.85 32.1666666666667 21.1666666666667
"168" 13.5333333333333 14.4 34.7 32.2 16.9333333333333 45.075 33.65 33.65 32.4 53.35 12.7 30.4666666666667 49.9333333333333 16.9333333333333 22.8333333333333 27.925 22.2 67.95 29.6333333333333 21.6
"169" 13.5333333333333 13.975 34.7 32.4 19.05 44.2 33.02 34.54 33.52 52.84 13.55 31.48 47.24 16.5 19.28 28.9833333333333 24.6571428571429 68.1666666666667 29.2166666666667 22.45
"170" 13.95 13.5333333333333 35.55 33.0333333333333 19.4666666666667 45.725 31.125 34.925 35.5666666666667 55.25 13.72 29.2 46.65 18.02 19.025 29.2 25.3833333333333 69.1 28.46 22.88
"171" 20.35 23.7 36.825 23.7 32.1666666666667 33.025 49.1 46.375 33.8666666666667 43.175 17.3333333333333 30.1 52.95 14.68 30.8166666666667 26.4 52.2142857142857 44.4857142857143 34.2833333333333 28.0142857142857
"172" 17.7666666666667 21.1666666666667 33.0333333333333 27.1 22 42.3333333333333 60.1333333333333 45.7 31.3333333333333 48.2333333333333 19.725 33.44 63.275 18.95 25.86 37.425 45.65 78.85 40.7666666666667 28.7666666666667
"173" 15.25 21.6 35.55 49.55 24.1 43.15 44.45 40.6 30.5 45.7 15.2 35.6 45.7 15.2 22.9 33 33 61 38.1 27.9
"174" 20.35 23.7 36.825 23.7 32.1666666666667 33.025 45.725 46.24 34.925 40.12 17.3333333333333 29.5125 50.8285714285714 14.7666666666667 30.7714285714286 25.9 51.725 43.375 33.7428571428571 27.375
"175" 20.35 25.4 38.1 25.4 32.1666666666667 33.025 45.725 46.24 34.925 40.12 17.3333333333333 29.5125 50.8285714285714 14.7666666666667 30.7714285714286 25.9 51.725 43.375 33.7428571428571 27.375
"176" 20.35 25.4 38.9666666666667 30.4666666666667 31.1 37.475 37.58 53.86 29.96 39.86 17.7666666666667 27.9285714285714 49.7285714285714 15.6 30.8 26.9857142857143 49.6857142857143 44.6857142857143 30.4666666666667 26.3857142857143
"177" 15.25 21.6 35.55 49.55 24.1 43.15 44.45 40.6 30.5 51.8 15.2 35.6 45.7 15.2 22.9 33 33 61 38.1 27.9
"178" 15.25 19.4666666666667 35.55 45.1 19.675 40.625 43.825 41.9 27.9666666666667 53.3333333333333 14.4 40.6666666666667 44.8666666666667 16.9333333333333 23.7333333333333 30.4666666666667 30.5 71.1 34.7 23.7
"179" 17.8 25.4 44.45 54.65 19.05 38.1 35.55 38.1 30.5 55.65 10.2 48.3 48.3 17.8 30.5 30.5 27.9 63.5 35.6 22.9
"180" 15.2 17.8 31.75 26.2666666666667 18.6333333333333 35.55 53.35 44 29.2 45.7 20.3666666666667 30.5 62.325 21.84 23.82 40.6 39.58 75.4333333333333 45.18 27.95
"181" 15.2 17.8 31.75 27.95 19.05 40.65 58.45 45.7 29.2 49.5 20.3666666666667 32.0333333333333 73.85 23.7 21.9333333333333 38.05 40.575 78.85 44.4 29.6333333333333
"182" 18.6 17.8 39.8 33.9 19.05 31.75 39.35 29.2 35.6 58.4 14.3666666666667 41.4666666666667 55.9 14.575 20.2 28.475 30.375 68.575 37.06 21.2571428571429
"183" 16.5 17.8 38.1 33.05 19.05 37.2666666666667 38.9333333333333 32.1666666666667 34.7333333333333 59.2666666666667 13.95 40.6 55.8666666666667 16.1 20.3 29.6333333333333 29.2 71.75 33.52 20.65
"184" 16.0666666666667 16.1 36.4 33.05 19.4666666666667 37.2666666666667 38.9333333333333 32.1666666666667 34.7333333333333 57.5666666666667 13.5333333333333 39.7666666666667 56.7 15.25 21.1666666666667 29.2 24.5333333333333 68.84 33 20.1428571428571
"185" 13.5333333333333 13.5666666666667 33.0333333333333 30.5 17.8 43.1666666666667 37.2333333333333 34.7 34.7 55.0333333333333 13.5333333333333 36.825 54.1666666666667 19.05 20.3 29.5 24.125 66.82 29.98 20.8714285714286
"186" 16.0666666666667 12.7 34.7333333333333 27.1 24.1 43.2 33.65 36.06 36.8 55.6666666666667 14.6 33.65 59.2666666666667 17.15 24.5666666666667 30.775 25.38 67.9666666666667 29.48 21.4
"187" 20.35 23.7 36.825 23.7 32.1666666666667 33.025 49.1 46 33.65 43.68 18.4857142857143 30.1 54.4571428571429 14.68 30.8166666666667 25.5285714285714 53.7166666666667 47.0333333333333 36.06 29.0833333333333
"188" 15.25 21.6 35.55 49.55 24.1 43.15 44.45 40.6 30.5 45.7 15.2 35.6 45.7 15.2 22.9 33 33 64.75 38.1 27.9
"189" 20.35 23.7 36.825 23.7 32.1666666666667 33.025 49.1 46.375 33.8666666666667 43.175 17.3333333333333 30.1 52.95 14.68 30.8166666666667 26.4 53.7166666666667 47.0333333333333 36.06 29.0833333333333
"190" 19.5 26.7 41.3 31.3333333333333 32.375 34.275 49.525 45.22 35.55 43.18 19.45 29.5125 56.2714285714286 13.9166666666667 30.0428571428571 28.4285714285714 56.5714285714286 51.2 41.9 31.1
"191" 20.35 25.4 38.1 25.4 32.1666666666667 35.5666666666667 45.7 49.1333333333333 33 49.1 18.4 30.4666666666667 51.34 15.8 31.4 27.1 50.24 45.78 34.275 28.8
"192" 17.8 24.15 61.8 38.1 27.0666666666667 55.9 36.4 60.1 31.3 42.3333333333333 13.975 29.6333333333333 44.45 21.2 28.7666666666667 37.2666666666667 43.825 63.5333333333333 28.8 17.7666666666667
"193" 15.25 21.6 35.55 49.55 24.1 43.15 44.45 40.6 30.5 45.7 15.2 35.6 45.7 15.2 22.9 33 33 61 38.1 27.9
"194" 15.25 21.6 38.9333333333333 44.9 19.4666666666667 40.6333333333333 44.0333333333333 38.9333333333333 30.5 49.5 12.7 41.95 47 16.5 25.4 31.75 27.95 63.5 36.85 25.4
"195" 17.8 12.7 45.7 35.6 15.2 35.6 43.2 40.6 30.5 53.3 10.2 48.3 48.3 17.8 30.5 30.5 27.9 63.5 35.6 22.9
"196" 17.8 12.7 45.7 35.6 15.2 35.6 43.2 40.6 30.5 53.3 10.2 48.3 48.3 17.8 30.5 30.5 27.9 63.5 35.6 21.6
"197" 20.3 17.8 44.45 35.6 16.5 31.75 40.65 33 33.05 55.9 12.7 44.45 53.35 14 21.6 29.2 27.9 67.3 38.9333333333333 20.95
"198" 18.6 17.8 41.275 34.325 16.9333333333333 33.0333333333333 40.6333333333333 33 33.9 55.225 13.325 43.175 54 15.325 20.875 28.475 29.38 66.15 38.08 21.0714285714286
"199" 18.6 17.8 41.275 34.325 16.9333333333333 33.0333333333333 40.6333333333333 33 33.9 55.225 13.325 43.175 54 15.325 20.875 28.475 29.38 66.15 38.08 21.0714285714286
"200" 16.1 18.6333333333333 35.5666666666667 26.675 19.05 36.175 50.175 39.975 23.7 44 17.825 29.88 60.02 22.86 21.78 40.6 39.58 75.4333333333333 43.5833333333333 27.325
"201" 17.8 19.05 36.85 26.65 20.3 43.15 52.1 34.25 27.9 43.2 16.1333333333333 31.1666666666667 62.4 20.3333333333333 20.2333333333333 38 38 79 43.2 31.75
"202" 18.6 17.8 39.8 33.9 19.05 31.75 39.7666666666667 29.2 32.2 58.4 13.95 41.25 55.9 14.675 20.225 28.36 31.42 67.7333333333333 35.9666666666667 20.7
"203" 17.76 16.26 38.6 27.975 20.95 37.2666666666667 36.175 31.3333333333333 32.4 59.675 12.68 38.6 55.9 14.78 22.28 28.36 28.36 68.75 33 20.55
"204" 17.125 15.875 37.45 25.4333333333333 20.95 37.2666666666667 36.175 31.3333333333333 32.4 57.5666666666667 12.05 37.45 56.5 15.225 22.85 29.2 29.2 69.8571428571429 32.375 20.2
"205" 17.125 15.25 35.575 25.4 24.125 43.2 36.85 32.1666666666667 33.65 55.0333333333333 12.05 36.4 55.8666666666667 16.9 24.1 29.6333333333333 27.95 69.65 29.6333333333333 19.9571428571429
"206" 18.6 15.25 36.4333333333333 25.4 28.7666666666667 48.3 38.1 36 45.7 63.5 11.45 35.5666666666667 83.8 17.8 38.1 33 29.6333333333333 71.1 28.575 20.5333333333333
"207" 17.75 15.25 36.85 25.4 30.45 48.3 38.1 37.2333333333333 45.7 54.6 12.2 45.7 73.65 22.9 38.1 30.5 33 72.4 29.825 23.7714285714286
"208" 15.2 17.8 35.6 26.7 19.05 30.5 55.9 45.7 27.9 53.3 22.95 28.6333333333333 67.8666666666667 27.1 23.6 43.1333333333333 41.225 79.6333333333333 46.95 27.9666666666667
"209" 17.8 19.05 36.85 26.65 20.3 43.15 52.1 34.25 27.9 43.2 15.25 31.75 50.8 17.8 20.35 33 33 64.75 43.9333333333333 31.75
"210" 22.9 22.85 59.65 36.85 26.65 50.8 38.1 40.6 35.55 50.8 16.1 27.95 42.3333333333333 16.5 23.8 33.05 41.5 62.25 54.6 31.75
"211" 17.8 24.15 61.8 38.1 27.0666666666667 55.9 36.4 60.1 31.3 42.3333333333333 13.975 29.6333333333333 44.45 21.2 28.7666666666667 37.2666666666667 43.825 63.5333333333333 28.8 17.7666666666667
"212" 17.8 24.15 61.8 38.1 27.0666666666667 55.9 36.4 60.1 31.3 42.3333333333333 13.975 29.6333333333333 44.45 21.2 28.7666666666667 37.2666666666667 43.825 63.5333333333333 28.8 17.7666666666667
"213" 17.8 24.15 68.6 36.85 31.75 62.25 45.7 52.05 43.2 43.2 13.95 34.3 41.5 20.35 29.2 39.4 42.3333333333333 71.15 36.85 17.75
"214" 19.075 19.4666666666667 37.2666666666667 25.4 18.6333333333333 39.7666666666667 45.7333333333333 31.3666666666667 27.0666666666667 42.3 15.25 33.0333333333333 50.8 17.8 20.35 33 33 64.75 43.9333333333333 31.75
"215" 22.9 20.3 41.9 29.25 17.75 35.6 38.1 35.6 27.95 46.95 16.55 41.95 48.3 17.8 25.9 30.5 27.9 63.5 35.6 22.9
"216" 22.9 20.3 41.9 29.25 17.75 35.6 38.1 35.6 27.95 46.95 16.55 41.95 48.3 17.8 25.9 30.5 27.9 63.5 35.6 22.9
"217" 22.9 20.3 41.9 29.25 17.75 35.6 38.1 35.6 30.5 46.95 16.55 41.95 48.3 17.8 25.9 30.5 27.9 63.5 35.6 21.6
"218" 20.3 17.8 44.0333333333333 35.6 16.9333333333333 30.5 40.6333333333333 33 30.5 58.4333333333333 13.325 43.175 54.65 15.325 20.875 27.825 31.42 66.14 37.06 20.7777777777778
"219" 20.3 17.8 44.0333333333333 35.6 16.9333333333333 30.5 40.6333333333333 33 30.5 58.4333333333333 13.325 43.175 54.65 15.325 20.875 27.825 31.42 66.14 37.06 20.7777777777778
"220" 18.6 17.8 41.275 34.325 16.9333333333333 33.0333333333333 40.625 33 31.775 55.225 13.2 42.66 54.38 15.3 20.76 28.7166666666667 30.4166666666667 66.8285714285714 35.9142857142857 20.8090909090909
"221" 17.8 19.05 39.4 27.1 21.1666666666667 33 49.55 39.7666666666667 24.15 46.95 18.7 28.45 64.85 24.775 21.5 43.1333333333333 41.225 79.6333333333333 45.175 27.1333333333333
"222" 22.9 20.3 48.3 27.9 25.4 40.6 45.7 27.9 27.9 43.2 25.4 30.5 61 20.3 17.8 30.5 33 76.2 48.3 36.8
"223" 17.76 16.26 38.6 27.975 20.95 31.75 36.8 27.95 30.5 57.125 12.6833333333333 38.9333333333333 55.9 15.7 21.95 28.2833333333333 31.42 67.6 34.1333333333333 20.5133333333333
"224" 17.76 16.26 38.6 27.975 20.95 31.75 36.8 27.95 30.5 57.125 12.6833333333333 38.9333333333333 55.9 15.7 21.95 28.2833333333333 31.42 67.6 34.1333333333333 20.5133333333333
"225" 19.025 15.875 40 27.1333333333333 24.5333333333333 36.85 34.7 31.75 34.3 62.6333333333333 12.675 38.1 57.2 14.675 22.775 27.825 29.1 69.1428571428571 32.675 20.5727272727273
"226" 18.6 15.25 36.4333333333333 25.4 28.7666666666667 48.3 38.1 33 45.7 63.5 14.3666666666667 34.3 57.15 17.8 27.9 29.2 29.6333333333333 70.38 28.44 20.1428571428571
"227" 17.125 16.9333333333333 43.2 25.4 61 47 35.6 35.9 40.65 63.5 13.95 43.2 88.9 17.15 33 27.95 31.125 76.525 29.96 21.8
"228" 17.125 16.9333333333333 43.2 25.4 61 47 35.6 35.9 40.65 55.8666666666667 12.68 44.0333333333333 78.7333333333333 17.15 33 29.2 33.65 77.2666666666667 31.3166666666667 24.2875
"229" 22.9 20.3 45.75 25.4 22.85 38.1 38.1 29.25 27.95 40.6 25.4 31.75 61 20.3 17.8 30.5 33 76.2 48.3 36.8
"230" 20.3333333333333 25.4 65.2 36.2 28.575 52.075 46.975 46.975 36.4333333333333 41.925 17.78 29.85 49.8 16.525 25.1833333333333 33.675 53.34 67.325 44.45 26.65
"231" 19.05 23.7 65.2 33.8666666666667 27.9333333333333 55.0333333333333 45.7 49.1 39.4 38.9666666666667 16.0666666666667 31.3333333333333 43.2 16.9666666666667 25.4 33.0333333333333 48.25 64.3666666666667 35.5666666666667 21.1333333333333
"232" 17.8 24.15 68.6 36.85 31.75 62.25 45.7 52.05 43.2 43.2 13.95 34.3 41.5 20.35 29.2 39.4 42.3333333333333 71.15 36.85 17.75
"233" 17.8 24.15 68.6 36.85 31.75 62.25 45.7 52.05 43.2 43.2 13.95 34.3 41.5 20.35 26.7 39.4 42.3333333333333 71.15 36.85 17.75
"234" 15.2 17.8 35.6 30.4666666666667 19.05 30.5 55.9 45.7 27.9 53.3 22.95 33.8666666666667 67.4 25.4 24.675 46.325 43.775 79.4 46.7 27.325
"235" 21.6 20.3 45.75 25.4 22.85 38.1 38.1 29.25 27.95 40.6 24.15 31.75 61 20.3 19.55 30.5 33 76.2 48.3 36.8
"236" 21.6 20.3 42.3333333333333 28.8 20.3 37.2666666666667 39.8 31.3666666666667 27.1 44.8333333333333 19.5 37.2666666666667 53.35 17.8 23.2 30.5 29.2 68.6 36.85 22.9
"237" 22.9 20.3 41.9 29.25 17.75 35.6 38.1 35.6 27.95 46.95 16.55 41.95 48.3 17.8 25.9 30.5 27.9 63.5 35.6 22.9
"238" 22.9 20.3 41.9 29.25 17.75 34.3 38.9333333333333 34.3 28.6 46.95 16.9666666666667 41.5 52.1 20.35 21.6 30.5 30.5 67.3 33.05 20.34
"239" 21.1666666666667 18.6333333333333 42.55 32.425 17.775 31.3333333333333 38.725 30.4666666666667 29.48 53.35 13.22 41.66 54.65 15.325 21.02 27.825 31.42 66.14 37.06 20.7777777777778
"240" 20.3 17.8 44.0333333333333 35.6 16.9333333333333 30.5 40.6333333333333 28.7666666666667 30.5 52.725 13.72 43.68 57.94 15.82 21.78 27.8666666666667 31.6833333333333 67.3142857142857 36.2714285714286 20.5818181818182
"241" 20.3 17.8 43.2 35.6 20.3 29.2 39.35 25.4 30.5 63.5 14.3666666666667 41.4666666666667 57.2 14.5 20.2 27.825 32.925 68.34 36.04 20.99
"242" 20.35 19.05 53.35 30.4666666666667 27.95 36.8 55.9 38.1 30.45 55.85 26.2666666666667 39.35 63.45 24.65 22.8666666666667 39.35 37.2333333333333 68.55 45 29.225
"243" 20.35 19.05 53.35 34.25 27.95 39.35 55.9 41.9 30.45 55.85 35.55 39.35 70.2 26.9333333333333 22.85 27.95 43.15 71.1 44.7666666666667 31.3333333333333
"244" 20.3 15.74 38.1166666666667 25.425 25.375 28.55 31.75 26.6666666666667 29.98 50.78 16.26 39.5428571428571 64.02 16.3714285714286 23.5285714285714 26.7857142857143 35.9166666666667 67.45 34.27 20.025
"245" 20.3 15.74 38.1166666666667 25.425 25.375 28.55 31.75 26.92 29.85 53.95 13.975 38.5166666666667 62.25 16.1333333333333 23.2166666666667 26.5833333333333 36.5 67.3222222222222 33.8444444444444 20.1733333333333
"246" 19.025 15.875 40 27.1333333333333 24.5333333333333 29.2 33 27.1 35.6 61 14.4 39.62 62.2666666666667 15 24.32 27.825 36.725 68.3833333333333 35 20.85
"247" 18.6 15.25 36.4333333333333 25.4 28.7666666666667 35.6 27.9 33 35.6 63.5 25.4 45.7 72.4 17.8 29.2 29.2 50.8 69.55 33.28 20.8714285714286
"248" 17.125 16.9333333333333 43.2 25.4 61 45.7 35.6 30.0666666666667 35.6 58.4 17.8 55.9 80.65 16.9 28.7666666666667 27.95 43.2 83.8 38.1 22.65
"249" 20.35 19.05 53.35 30.4666666666667 27.95 36.8 55.9 38.1 30.45 55.85 22.2 35.5666666666667 66.56 24.92 22.125 38.9 34.5 72.8666666666667 44.2 29.225
"250" 22.9 20.3 45.75 25.4 22.85 38.1 38.1 29.25 27.95 40.6 24.15 31.75 61 20.3 19.55 30.5 33 76.2 48.3 36.8
"251" 24.5666666666667 26.05 60.975 33.025 29.85 50.175 43.8 41.9 30.5 36.2 16.9333333333333 27.94 45.7333333333333 15.26 21.8 29.225 49.1 62 34.3 23.86
"252" 17.8 24.15 68.6 36.85 31.75 62.25 45.7 52.05 43.2 43.2 13.95 34.3 41.5 20.35 26.7 39.4 47.625 71.15 36.85 17.75
"253" 17.8 24.15 68.6 36.85 31.75 62.25 45.7 52.05 43.2 43.2 13.95 34.3 41.5 20.35 26.7 39.4 47.625 71.15 36.85 17.75
"254" 22.9 20.3 45.75 25.4 22.85 38.1 38.1 29.25 27.95 40.6 24.15 31.75 61 20.3 19.55 30.5 33 76.2 48.3 36.8
"255" 22.9 20.3 45.75 25.4 22.85 38.1 38.1 29.25 27.95 40.6 24.15 31.75 61 20.3 19.55 30.5 33 76.2 38.1 22.9
"256" 22.9 20.3 41.9 29.25 17.75 35.6 38.1 35.6 27.95 46.95 16.55 41.95 48.3 17.8 25.9 30.5 27.9 63.5 35.6 22.9
"257" 22.9 20.3 41.9 29.25 17.75 34.3 38.9333333333333 31.3333333333333 27.95 45.7 17.775 42.55 58.45 18.6333333333333 22.8666666666667 29.6333333333333 31.3333333333333 68.25 34.7333333333333 20.325
"258" 22.225 17.775 40.14 30 19.025 29.85 35.04 28.8 30.0666666666667 48.24 15.6 41.9125 63.0166666666667 16.3857142857143 31.2428571428571 27.3428571428571 34.5625 69.5875 38.0875 20.2777777777778
"259" 22 16.9333333333333 40.65 31.775 20.3 29.2 35.55 27.44 31 50.15 14.8166666666667 42.75 61.4 16.15 22.8 26.7857142857143 34.4142857142857 67.15 35.8625 20.28
"260" 22 16.9333333333333 39.375 30.5 24.1 28.7666666666667 33 25.4 31.125 50.15 16.26 41.64 64.675 15.82 22.78 26.1666666666667 35.9166666666667 68.4 35.9 20.2416666666667
"261" 20.35 19.05 53.35 30.4666666666667 27.95 36.8 55.9 38.1 30.45 55.85 26.2666666666667 39.35 63.45 24.65 22.8666666666667 39.35 37.2333333333333 68.55 45 29.225
"262" 20.35 19.05 53.35 34.25 27.95 39.35 55.9 41.9 30.45 55.85 35.55 39.35 70.2 26.9333333333333 22.85 27.95 43.15 71.1 44.7666666666667 31.3333333333333
"263" 20.3 15.74 38.1166666666667 25.425 25.375 28.55 31.75 26.6666666666667 29.98 50.78 16.26 39.5428571428571 64.02 16.3714285714286 23.5285714285714 26.7857142857143 35.9166666666667 67.45 34.27 20.025
"264" 19.45 17.7666666666667 38.95 22.86 28.94 34.02 32.5 27.5166666666667 31 57.5666666666667 17.45 42.225 67.9666666666667 16.7285714285714 24.4 26.0571428571429 40.5857142857143 67.19 34.5090909090909 20.89375
"265" 19.675 18.4 38.1 21.1666666666667 31.1 38.1 31.75 30.475 34.3 57.15 22.8666666666667 45.75 79.1666666666667 18.4 27.925 25.4 48.9 69 32.8428571428571 21.0222222222222
"266" 19.05 19.05 39.375 23.7 35.6 50.8 35.6 30.5 43.2 68.6 24.15 55.9 79.4 19.05 27.9333333333333 27.9 50.8 68.84 32.8166666666667 21.75
"267" 18.26 19.675 43.8 24.125 48.3 48.25 33.05 30.8 39.4 63.5 19.5 55.9 82.5666666666667 17.75 27.925 27.9 44.775 74.925 33.9285714285714 24.55
"268" 17.125 16.9333333333333 43.2 25.4 61 39.35 26.2666666666667 27 33.05 49.1333333333333 15.2166666666667 45.75 73.2333333333333 16.24 27.94 26.2666666666667 42.225 67.95 32.4714285714286 24.9
"269" 19.5 22.85 59.2666666666667 30.4666666666667 27.9333333333333 37.2333333333333 54.2 40.6333333333333 30.45 55.85 26.2666666666667 39.35 63.45 24.65 22.8666666666667 39.35 37.2333333333333 68.55 45 29.225
"270" 21.2 19.4666666666667 48.2666666666667 30.4666666666667 22.8666666666667 37.2666666666667 48.2666666666667 37.2666666666667 28.8 50.7666666666667 31.3333333333333 38.1 70.2 26.9333333333333 22.85 27.95 43.15 71.1 44.7666666666667 31.3333333333333
"271" 25.4 29.25 67.35 36.85 40.65 63.5 52.05 41.4666666666667 23.7 29.85 18.4 29.2 48.26 17.15 24.64 34.54 50.8 79.5666666666667 34.7333333333333 26.025
"272" 17.8 30.5 86.4 43.2 45.7 68.6 66 49.55 33 36.8 20.3 35.55 46.5666666666667 20.7666666666667 29.225 39.05 48.26 84.6666666666667 36.4333333333333 24.1
"273" 17.8 30.5 86.4 43.2 45.7 68.6 66 49.55 33 36.8 20.3 35.55 46.5666666666667 19.375 26.35 38.5333333333333 48.26 84.6666666666667 36.4333333333333 24.5333333333333
"274" 22.9 20.3 45.75 25.4 22.85 38.1 38.1 29.25 27.95 40.6 24.15 31.75 61 20.3 19.55 30.5 33 76.2 48.3 36.8
"275" 22.9 20.3 45.75 25.4 22.85 38.1 38.1 29.25 27.95 40.6 24.15 31.75 61 20.3 19.55 30.5 -Inf -Inf 38.1 22.9
"276" 22.9 21.55 43.2 27.95 20.3 38.1 33 30.5 29.2 41.9 22.85 41.5 71.75 17.8 76.2 33.65 34.3 87.6 44.9 24.1
"277" 22.9 20.3 43.2 27.95 20.3 35.55 36.8 30.5 27.1 41.9 21.1666666666667 41.275 69.85 18.6333333333333 55.0333333333333 31.7666666666667 34.7333333333333 74.95 41.3 21.575
"278" 22.0333333333333 17.775 39.62 26.2666666666667 22 32.1666666666667 31.75 29.225 28.575 45.7 18.8 41.0666666666667 67.85 17.34 37.66 27.62 36 70.9 39.3666666666667 21.1
"279" 22 16.9333333333333 39.375 30.5 24.1 28.7666666666667 33 25.4 31.125 50.15 16.26 41.9 65.96 16.15 30.8857142857143 26.9714285714286 35.8714285714286 70.5375 37.45 20.2416666666667
"280" 22 16.9333333333333 39.375 30.5 24.1 28.7666666666667 33 25.4 31.125 50.15 16.26 41.9 65.96 16.15 30.8857142857143 26.9714285714286 35.8714285714286 70.5375 37.45 20.2416666666667
"281" 20.3333333333333 14.3666666666667 16.5 23.7333333333333 17.7666666666667 26.2333333333333 36.85 33.1857142857143 24.3714285714286 35.55 17.7714285714286 29.275 35.1857142857143 27.0833333333333 11.4285714285714 26.3 33.4727272727273 35 18.92 40.11
"282" 19.05 14.3666666666667 30.45 31.75 23.7 26.2666666666667 38.9666666666667 38.1 36.4 50.775 23.7 30.4666666666667 40.6333333333333 31.3333333333333 16.825 21.2 24.9 38.88 21.58 47.625
"283" 20.3 19.025 40 22 32.1666666666667 38.1 31.75 28.96 29.98 49.275 20.3333333333333 42.55 70.0833333333333 17.5 26.5666666666667 27.2333333333333 39.1428571428571 69.2888888888889 34.6222222222222 21.29
"284" 19.28 17.7666666666667 38.9666666666667 22.225 31.1 38.1 31.75 28.3666666666667 29.98 49.84 21.0571428571429 42.3333333333333 70.0833333333333 17.8125 25.0375 26.6125 41 66.4777777777778 33.57 21.0153846153846
"285" 19.675 18.4 38.1 21.1666666666667 31.1 38.1 31.75 30.475 34.3 53.35 23.5 41.9166666666667 79.1666666666667 18.4 26.92 25.9 50.8 67.95 33.3714285714286 21.46
"286" 19.05 19.05 39.8 21.6 35.6 50.8 35.6 31.1 43.2 71.1 24.15 55.9 79.4 19.05 27.9333333333333 27.9 50.8 65.28 33.2333333333333 23.36
"287" 18.26 19.675 43.8 24.125 48.3 48.25 33.05 30.8 39.4 63.5 19.5 55.9 82.5666666666667 17.75 27.925 27.9 44.775 74.925 33.9285714285714 24.55
"288" 25.4 29.25 67.35 36.85 40.65 63.5 52.05 41.4666666666667 23.7 29.85 18.4 29.2 48.26 17.54 24.9833333333333 31.3857142857143 48.9857142857143 76.175 34.95 26.025
"289" 17.8 30.5 86.4 43.2 45.7 68.6 66 49.55 33 36.8 20.3 35.55 46.5666666666667 19.375 26.35 38.5333333333333 48.26 84.6666666666667 36.4333333333333 24.5333333333333
"290" 17.8 30.5 86.4 43.2 45.7 68.6 66 49.55 33 36.8 20.3 35.55 69.85 22.9 27.3 38.5333333333333 60.325 84.6666666666667 37.45 24.5333333333333
"291" 22.9 21.55 43.2 27.95 20.3 38.1 38.1 33.0333333333333 24.5666666666667 41.4666666666667 22 42.55 73.2333333333333 20.3333333333333 53.3333333333333 33.65 34.3 87.6 44.9 24.1
"292" 22.9 19.05 40 22.8666666666667 22 31.75 36.4 31 26.42 42.525 20.82 41.4833333333333 73.65 19.82 36.58 28.275 38.75 72.88 39.64 21.32
"293" 22.9 19.05 40 22.8666666666667 22 32.1666666666667 31.75 29.225 28.575 43.1666666666667 20.95 40.64 72.8 18.425 43.825 28.275 38.75 72.88 39.64 21.32
"294" 22.85 17.75 40 27.95 27.9 32.1333333333333 33 27.1 29.6333333333333 47.4 18.425 42.16 67.85 17.34 37.66 27.62 36 70.9 39.3666666666667 21.1
"295" 22.85 16.9333333333333 39.8 27.95 27.9 27.9 33 27.1 29.6333333333333 45.7 19.82 41.4833333333333 67.85 17.4166666666667 30.1714285714286 27.3285714285714 37.2 71.3 36.1714285714286 20.5875
"296" 25.4 24.1 40.65 20.3 35.55 41.9 31.75 29.6333333333333 33.8666666666667 49.275 24.14 43.68 77.15 19.2666666666667 31.55 28.25 42.55 74.5 37.08 24.5333333333333
"297" 26.675 20.3 43.825 22 31.1 44.8666666666667 32.1666666666667 33.025 33.8666666666667 49.84 23.9 40.1 75.25 20.1428571428571 27.7166666666667 24.38 47.625 66.0333333333333 36.06 26.14
"298" 26.675 20.3 43.825 22 31.1 44.8666666666667 32.1666666666667 33.025 33.8666666666667 52.7 23.9 40.1 75.25 20.1428571428571 27.7166666666667 24.38 47.625 66.0333333333333 36.06 26.14
"299" 25.4 27.9 43.2 21.6 35.6 50.8 35.6 31.75 43.2 71.1 24.15 55.9 79.4 19.05 27.9333333333333 27.95 50.8 64.75 36.2 27.0666666666667
"300" 29.2 25.4 40.65 22.85 41.9 44.45 34.3 30.4666666666667 31.75 54.925 24.5333333333333 52.05 78.75 20.3333333333333 30.5 24.1 48.3 60.65 32.725 27.9333333333333
"301" -Inf -Inf -Inf -Inf -Inf -Inf -Inf 40.6 27.9 27.9 20.3 38.1 66 22.9 27.1 31.15 55.0333333333333 80 37.2333333333333 29.2
"302" 30.5 45.7 58.4 38.1 22.9 40.6 43.2 35.55 25.4 30.45 24.15 36.85 63.5 23.7333333333333 27.3 33.4666666666667 53.975 82.9666666666667 41.5 27.9333333333333
"303" 21.6 23.6666666666667 57.15 31.75 25.4 44.8666666666667 53.35 30.5 28.575 51.425 27.3 44.2 82.9666666666667 23.5 53.3333333333333 33.65 34.3 102.85 44.9 25.3666666666667
"304" 22.9 21.55 43.2 27.95 20.3 38.1 38.1 33.0333333333333 24.5666666666667 41.4666666666667 22 42.55 73.2333333333333 20.3333333333333 53.3333333333333 33.65 34.3 87.6 44.9 24.1
"305" 25.4 20.3 40.6333333333333 25.4 27.9 32.1333333333333 39.35 29.85 26.675 43.2 20.95 42.66 73.65 19.82 36.58 28.275 38.75 72.88 39.64 21.32
"306" 25.4 20.3 40.6333333333333 25.4 27.9 32.1333333333333 33 27.1 29.6333333333333 42.8333333333333 25.9 42.75 72.8 18.3 37.1 28.2 39.8 72.88 39.3833333333333 22
"307" 25.4 20.3 40.6333333333333 25.4 27.9 32.1333333333333 33 27.1 29.6333333333333 42.8333333333333 26.0333333333333 41.9 72.8 18.4166666666667 31.55 28.2 39.8 72.88 39.3833333333333 21.82
"308" 30.5 45.7 58.4 38.1 22.9 40.6 43.2 35.55 25.4 30.45 24.15 36.85 63.5 23.7333333333333 27.3 33.4666666666667 53.975 82.9666666666667 41.5 27.9333333333333
"309" 30.5 45.7 58.4 38.1 22.9 40.6 43.2 35.55 25.4 30.45 24.15 36.85 63.5 23.7333333333333 27.3 33.4666666666667 53.975 82.9666666666667 41.5 27.9333333333333
"310" 27.9 27.9 73.7 40.6 40.6 47.4 57.15 37.2666666666667 32.1666666666667 54.65 34.925 40.64 76.4166666666667 23.825 41.275 31.7666666666667 44.475 99.0666666666667 41.925 28.3333333333333
"311" 0 27.9 45.7 38.1 27.9 39.35 48.25 32.1666666666667 23.7 45.7 29.525 39.62 70.0666666666667 21.275 35.56 30.8 42.18 97.3666666666667 41.16 26.325
"312" 26.7 20.3 39.35 25.4 27.9 35.5333333333333 43.1666666666667 32.375 25.4 45.075 29.8333333333333 41 71.3 20.3285714285714 31.3333333333333 28.2 43.6166666666667 82.1333333333333 39.8 25.375
"313" 26.7 20.3 39.35 25.4 27.9 34.25 33 29.2 33 42.8333333333333 27.925 43.18 74.0666666666667 17.8 43.2 28.3666666666667 42.55 77.45 41.16 24.5333333333333
"314" 32.2 19.675 44.45 22.85 30.4666666666667 40.6333333333333 33.05 31.3333333333333 31.3 43.8 26.45 40.4571428571429 71.425 20.5333333333333 30.7 27.625 41.66 73.2333333333333 40.65 26.65
"315" 30.5 45.7 58.4 38.1 22.9 40.6 43.2 35.55 25.4 30.45 24.15 36.85 63.5 23.7333333333333 27.3 33.4666666666667 53.975 82.9666666666667 41.5 27.9333333333333
"316" 30.5 45.7 58.4 38.1 22.9 40.6 43.2 35.55 25.4 30.45 24.15 36.85 63.5 23.7333333333333 27.3 33.4666666666667 50.8 82.9666666666667 44 27.9333333333333
"317" 30.5 45.7 58.4 38.1 22.9 40.6 50.8 39.4 24.15 30.5 30.5 41.9 61 24.15 27.1 32.4 44.45 78.75 45.7 25.4
"318" 30.5 45.7 58.4 38.1 22.9 40.6 43.2 33 30.5 33 30.5 43.2 61 25.4 27.9 38.1 50.8 88.9 53.3 25.4
"319" 46.5666666666667 18.6333333333333 45.7 25.4 39.35 40.65 39.7666666666667 50.8 31.75 40.65 30.5 35.5666666666667 75.3666666666667 22.8333333333333 30.4666666666667 24.15 54.6 64.8 41.9 33
"320" 42.3 20.325 41.4666666666667 26.025 22.85 48.2666666666667 35.55 33.9 29.6 41.5 27.42 38.1 74.5 17.775 26.2333333333333 22.0333333333333 39.7666666666667 71.1 42.3333333333333 31.3333333333333
"321" 40.6 22 40.6 28.7666666666667 22.8666666666667 49.1333333333333 33 33.9 30.4666666666667 43.15 27.3 38.1 73.65 16.9333333333333 25.4333333333333 22 39.35 71.1 39.375 31.75
"322" 40.6 22 40.6 28.7666666666667 22.8666666666667 49.1333333333333 33 33.9 30.4666666666667 43.15 27.3 38.1 73.65 16.9333333333333 25.4333333333333 22 39.35 71.1 39.375 34.7
"323" 46.5666666666667 18.6333333333333 45.7 25.4 39.35 40.65 39.7666666666667 50.8 31.75 40.65 31.75 35.5666666666667 75.3666666666667 22.8333333333333 32.7 24.15 54.6 64.8 41.9 33
"324" 46.5666666666667 18.6333333333333 45.7 25.4 39.35 40.65 39.7666666666667 50.8 31.75 40.65 31.75 35.5666666666667 75.3666666666667 22.8333333333333 32.7 24.15 54.6 64.8 41.9 33
"325" 52.5 15.2666666666667 59.7 27.9333333333333 25.4 50.8 40.6 49.55 34.3 44.8666666666667 31.3333333333333 35.55 78.75 20.3 33 22.9 61 63.5 43.2 30.5
"326" 46.975 16.9333333333333 50.8 29.2 24.75 52.5 37.45 39.8333333333333 36.85 41.95 29.92 38.1 74.5 17.7666666666667 27.1 22.85 39.35 74.3 41.9 33.05
"327" 46.975 16.9333333333333 50.8 29.2 24.75 52.5 37.45 39.8333333333333 36.85 41.95 30.4666666666667 38.1 74.5 17.7666666666667 27.1 22.85 39.35 74.3 41.9 33.05
"328" 42.3 19.05 41.4666666666667 25.4 24.5333333333333 45.75 36.4 35.6 30.45 41.95 29.825 38.1 74.5 17.7666666666667 27.1 22.85 39.35 83.8 41.9 33.05
"329" 40.6 22 40.6 28.7666666666667 22.8666666666667 49.1333333333333 33 33.9 30.4666666666667 43.15 27.3 38.1 73.65 16.9333333333333 25.4333333333333 22.0333333333333 39.7666666666667 71.1 42.3333333333333 31.3333333333333
"330" 43.2 19.05 40.6 29.2 21.6 48.3 30.45 33.05 31.75 48.3 25.4 38.1 71.1 19.05 22.9 22.85 39.7666666666667 58.4 35.5666666666667 31.3333333333333
"331" 48.25 17.8 44.45 21.6 25.4 35.6 40.6 48.3 35.6 48.3 31.3333333333333 35.55 78.75 20.3 33.4333333333333 25.4 58.45 63.5 43.2 30.5
"332" 52.5 15.2666666666667 59.7 27.9333333333333 25.4 50.8 40.6 49.55 34.3 44.8666666666667 31.3333333333333 35.55 78.75 20.3 34.9 22.9 58.45 63.5 43.2 30.5
"333" 52.5 15.2666666666667 59.7 27.9333333333333 25.4 50.8 40.6 49.55 34.3 44.8666666666667 31.3333333333333 35.55 78.75 20.3 33 22.9 61 63.5 43.2 30.5
"334" 49.1 13.5666666666667 58.4 29.6333333333333 22.8333333333333 54.6 39.7666666666667 43.2 48.3 40.65 30.4666666666667 30.5 73.65 20.3 25.4 25.4 40.6 64.8 35.15 30.5
"335" 49.1 13.5666666666667 58.4 29.6333333333333 22.8333333333333 54.6 39.7666666666667 43.2 48.3 40.65 30.4666666666667 30.5 73.65 20.3 25.4 25.4 40.6 64.8 35.15 30.5
"336" 49.1 13.5666666666667 58.4 29.6333333333333 22.8333333333333 54.6 39.7666666666667 43.2 48.3 40.65 29.2 30.5 73.65 20.3 25.4 25.4 40.6 61 33 30.5
"337" 43.15 13.95 40.6 29.2 21.6 47 30.45 38.1 33.05 35.5666666666667 29.2 35.6 71.1 20.3 22.9 25.4 40.6 61 33 30.5
"338" 19.05 14.3666666666667 30.45 31.75 23.7 26.2666666666667 38.9666666666667 38.1 36.4 51.28 26.35 30.8 40 29.85 16.825 21.2 24.9 38.88 21.58 47.625
"339" 22.0333333333333 15.2 19.4666666666667 23.7333333333333 17.7666666666667 31.3333333333333 40.66 35.75 30.525 41.7333333333333 17.2 33.1 41.6142857142857 25.4571428571429 12 25.5777777777778 31.1166666666667 34.3 24 38.21
"340" 22.0333333333333 15.2 19.05 26.05 18.4 30.475 40.2857142857143 33.8 26.4333333333333 39.5625 16.6375 30.8625 34.9875 25.6428571428571 12.2833333333333 25.8142857142857 33.0111111111111 36.5125 20.15 39.3545454545455
"341" 19.5 15.2 17.775 26.675 17.775 31.725 37.3857142857143 33.175 24.7444444444444 36.6428571428571 16.6857142857143 28.5666666666667 32.7 24.6714285714286 12.7 26.8428571428571 32.7916666666667 34.54 19.2727272727273 38.1461538461538
"342" 18.425 15.2 17.7666666666667 26.675 17.775 31.725 35.58 34.6428571428571 23.9428571428571 35.1333333333333 15.74 29.1 34.3 22.8666666666667 13.1333333333333 29.2 30.1416666666667 32.9 19.05 37.2
"343" 19.82 14.575 17.7666666666667 26.675 17.775 31.725 35.58 33.8 23.8666666666667 39.375 15.4142857142857 29.2666666666667 35.875 22.7 13.025 28.8875 29.75625 32.2461538461538 18.4142857142857 39.1
"344" 19.05 14.3666666666667 30.45 31.75 23.7 26.2666666666667 38.9666666666667 38.1 36.4 50.775 23.7 30.4666666666667 40.6333333333333 31.3333333333333 16.825 21.2 24.9 38.88 21.58 47.625
"345" 20.3 14.3666666666667 22.8666666666667 31.3 23.475 27.95 38.125 42.55 34.925 50.15 23.7 34.25 39.3666666666667 27.9333333333333 14.3 19.075 23.12 38.9333333333333 22.85 40
"346" 18.6 13.95 20.35 30.45 24.5333333333333 32.4 37.45 40.025 34.925 47.6 22.85 36.4 39.35 26.025 13.48 20.84 23.0833333333333 36.825 25.9 39.88
"347" 18.6 13.95 20.35 30.45 24.5333333333333 32.4 37.45 40.025 34.925 47.6 22.85 36.4 39.35 26.025 13.0857142857143 21.2428571428571 23.0571428571429 36.32 27.7166666666667 39.88
"348" 21.1666666666667 15.25 23.7333333333333 29.6 25.4 30.5 40.025 43.825 32 45.7333333333333 20.65 39.35 40.95 24.15 11.72 23.0833333333333 24.35 34.6 30.22 41.6
"349" 21.1666666666667 15.25 23.7333333333333 29.6 25.4 30.5 39.14 43.18 33.4333333333333 43.16 20.34 37.775 41.9 25.14 11.76 23.5 24.5666666666667 33.975 30.98 40.6833333333333
"350" 52.5 15.2666666666667 59.7 27.9333333333333 25.4 50.8 40.6 49.55 34.3 44.8666666666667 31.3333333333333 35.55 78.75 20.3 33.4333333333333 25.4 58.45 63.5 43.2 30.5
"351" 52.5 15.2666666666667 59.7 27.9333333333333 25.4 50.8 40.6 49.55 34.3 44.8666666666667 31.3333333333333 35.55 78.75 20.3 33 22.9 61 63.5 43.2 30.5
"352" 53.35 14 76.2 29.2 26.65 66 46.95 50.8 48.3 40.65 31.75 33 76.2 20.3 27.9 15.2 -Inf 64.8 42.4 30.5
"353" 49.1 13.5666666666667 58.4 29.6333333333333 22.8333333333333 54.6 39.7666666666667 43.2 48.3 40.65 30.4666666666667 30.5 73.65 20.3 25.4 25.4 40.6 64.8 35.15 30.5
"354" 50.8 11.45 58.4 35.55 25.4 55.9 40.65 45.7 53.3 45.7 30.5 35.6 71.1 20.3 22.9 25.4 40.6 64.8 35.15 30.5
"355" 49.1 12.7 58.4 33 23.7 54.1666666666667 36.4 43.1666666666667 48.3 38.1 29.2 35.6 71.1 20.3 22.9 25.4 40.6 61 33 30.5
"356" 52.5 15.2666666666667 59.7 27.9333333333333 25.4 50.8 40.6 49.55 34.3 44.8666666666667 31.3333333333333 35.55 78.75 20.3 31.75 25.4 61 63.5 43.2 30.5
"357" 53.35 14 76.2 29.2 26.65 66 46.95 50.8 48.3 40.65 31.75 33 76.2 20.3 27.9 15.2 -Inf 64.8 42.4 30.5
"358" 53.35 14 76.2 29.2 26.65 66 46.95 50.8 48.3 40.65 31.75 33 76.2 20.3 27.9 15.2 -Inf 64.8 42.4 30.5
"359" 59.7 22.85 54.6 47 50.8 45.7 33 35.6 40.6 43.2 43.2 36.85 96.5 20.3 35.6 30.5 58.4 65.2 58.4 36.85
"360" 62.25 17.8 64.75 39.35 33 58.4 40.65 47 41.9 44.45 43.2 35.6 96.5 20.3 35.6 30.5 58.4 65.4 58.4 35.6
"361" 61 10.2 76.2 40.6 27.9 76.2 48.3 53.3 53.3 45.7 38.1 27.9 -Inf 0 0.8 5.1 -Inf 64.8 42.4 30.5
"362" 61 10.2 76.2 40.6 27.9 76.2 48.3 53.3 53.3 45.7 38.1 27.9 -Inf 0 0.8 5.1 -Inf 64.8 42.4 30.5
"363" 59.2666666666667 20.3 52.5 38.1 46.5666666666667 45.7 35.55 35.6 39.35 41.3 53.1666666666667 38.8 85.4 27.2 39.3 32.725 59.7 62.55 51.82 37.1
"364" 59.2666666666667 20.3 52.5 38.1 46.5666666666667 45.7 35.55 35.6 39.35 41.3 53.1666666666667 38.8 85.4 27.2 39.3 32.725 59.7 62.55 53.35 37.1
"365" 59.7 22.85 54.6 47 50.8 45.7 33 35.6 40.6 43.2 43.2 40.6 97.8 21.6 35.6 30.5 58.4 65.4 58.4 36.85
"366" 59.7 22.85 54.6 47 50.8 45.7 33 35.6 40.6 43.2 43.2 36.85 96.5 20.3 35.6 30.5 58.4 65.4 58.4 36.85
"367" 60.1333333333333 17.8 61.8 40.6333333333333 40.6333333333333 58.4 40.65 43.2 41.9 44.45 43.2 36.85 96.5 20.3 35.6 30.5 58.4 65.2 58.4 36.85
"368" 61 13.95 62.25 44.45 29.2 58.4 45.75 45.7 54.6 66 43.2 71.1 83.8 27.9 27.9 30.5 61 65.4 53.3 43.2
"369" 63.5 27.3 56.5 52.725 49.9666666666667 45.7 35.55 36.85 45.7 43.2 53.1 38.2 87.9 26.1 37.05 31.7666666666667 61.6 68.275 54.54 39
"370" 63.5 26.2333333333333 55.8666666666667 54.2 49.9666666666667 45.7 35.55 36.85 45.7 44.0333333333333 43.2 40.6 97.8 22.8333333333333 35.6 30.5 58.4 70.7 59.3 37.2666666666667
"371" 59.7 22.85 54.6 47 50.8 45.7 33 35.6 40.6 43.2 43.2 40.6 97.8 21.6 35.6 30.5 58.4 65.4 58.4 36.85
"372" 61.8 26.2333333333333 52.5 49.9666666666667 48.2666666666667 48.25 39.35 31.75 55.9 47.4333333333333 40.65 48.25 86.3666666666667 16.5 32.2 29.2 58.4 65.4 55.9 36.85
"373" 61.8 26.2333333333333 52.5 49.9666666666667 48.2666666666667 48.25 39.35 31.75 55.9 47.4333333333333 40.65 48.25 86.3666666666667 16.5 30.5 30.5 58.4 65.4 55.9 36.85
"374" 63.5 26.65 47 54.65 36.85 48.25 44.45 36.85 63.5 60.95 38.1 55.9 83.8 20.3 30.45 30.5 61 66.0333333333333 54.6 43.2
"375" 63.5 27.3 56.5 52.725 49.9666666666667 45.7 35.55 36.85 45.7 44.0333333333333 43.2 40.6 90.6 22.8333333333333 37.2666666666667 30.5 54.6 70.8 60.35 39.075
"376" 63.5 26.2333333333333 55.8666666666667 54.2 49.9666666666667 45.7 35.55 36.85 45.7 44.0333333333333 43.2 40.6 97.8 22.8333333333333 35.6 30.5 57.8 70.8 60.35 37.2666666666667
"377" 64.125 27.925 53.975 54.625 48.275 48.25 39.35 33.8666666666667 54.2 47.4333333333333 40.65 48.25 88.9 19.675 33.025 29.2 57.8 70.8 60.35 37.2666666666667
"378" 61.8 26.2333333333333 52.5 49.9666666666667 48.2666666666667 48.25 39.35 31.75 55.9 47.4333333333333 40.65 48.25 86.3666666666667 16.5 30.5 30.5 57.8 67.3 64.8 36.85
"379" 61.8 26.2333333333333 52.5 49.9666666666667 48.2666666666667 48.25 39.35 31.75 55.9 47.4333333333333 40.65 48.25 86.3666666666667 16.5 30.5 30.5 58.4 65.4 55.9 36.85
"380" 63.5 26.65 47 54.65 36.85 48.25 44.45 36.85 63.5 60.95 38.1 55.9 83.8 20.3 30.45 30.5 61 66.0333333333333 54.6 43.2
"381" 63.5 26.2333333333333 55.8666666666667 54.2 49.9666666666667 45.7 35.55 36.85 45.7 44.0333333333333 43.2 40.6 90.6 22.8333333333333 37.2666666666667 30.5 54.6 70.8 60.35 39.075
"382" 63.5 26.2333333333333 55.8666666666667 54.2 49.9666666666667 45.7 35.55 36.85 45.7 44.0333333333333 43.2 40.6 97.8 22.8333333333333 35.6 30.5 57.8 70.8 60.35 37.2666666666667
"383" 64.125 27.925 53.975 54.625 48.275 48.25 39.35 33.8666666666667 54.2 47.4333333333333 40.65 48.25 86.3666666666667 19.4666666666667 32.1666666666667 30.5 57.8 70.8 60.35 37.2666666666667
"384" 61.8 26.2333333333333 52.5 49.9666666666667 48.2666666666667 48.25 39.35 31.75 55.9 47.4333333333333 40.65 48.25 86.3666666666667 16.5 30.5 29.2 57.8 67.3 64.8 36.85
"385" 53.3333333333333 23.7 51.6333333333333 50.8 40.6666666666667 57.15 45.7 34.3 43.2 57.15 35.55 43.15 90.6 15.25 23.8666666666667 26.9 68.6 85.05 69.85 36
"386" 63.5 26.65 47 54.65 36.85 48.25 44.45 36.85 63.5 60.95 38.1 55.9 83.8 20.3 30.6333333333333 30.5 61 66.0333333333333 61.8 43.2
"387" 64.75 29.2 57.15 59.7 53.3 50.8 40.6 38.1 53.3 44.45 33.05 38.1 87.65 26.65 38.1 30.5 53.3 72.4 64.8 41.1
"388" 64.75 30.4666666666667 54.2 58.4333333333333 49.1333333333333 50.8 45.7 34.3 62.25 49.55 38.1 55.9 90.2 21.6 33 28.55 57.2 72.4 64.8 39.4
"389" 57.775 26.025 53.325 57.5666666666667 42.575 57.15 45.7 35.5666666666667 45.7333333333333 57.15 35.55 43.15 90.6 21.1666666666667 26.15 27.5 62.9 85.05 67.7666666666667 36.4333333333333
"390" 53.3333333333333 23.7 51.6333333333333 50.8 40.6666666666667 57.15 45.7 34.3 43.2 57.15 35.55 48.2666666666667 90.6 18.6333333333333 26 27.475 62.9 80.05 69.85 34.625
"391" 52.05 22.85 58.4 61 33.05 57.15 45.7 36.85 43.2 58.4 35.55 49.225 90.15 20.7333333333333 26 27.475 62.9 99.1 71.1333333333333 36.225
"392" 46.5666666666667 18.6333333333333 56.7 63.5 44.45 61.8 48.2333333333333 38.9666666666667 46.5666666666667 58.4 41.4666666666667 57.775 93.1333333333333 24.5666666666667 27.925 30.4666666666667 62.25 80.05 68.6 36.08
"393" 55.85 30.4666666666667 54.1666666666667 58.4 41.9 50.8 43.2 43.2 53.3 48.3 43.2 35.6 87.65 26.65 38.1 30.5 53.3 76.2 68.6 43.85
"394" 58.4 31.75 52.05 71.1 41.9 50.8 43.2 43.2 53.3 48.3 43.2 35.6 77.5 33 40.6 30.5 53.3 76.2 68.6 43.85
"395" 63.5 25.4 62.2 71.1 43.2 63.5 45.7 38.1 36.8 66 38.1 61 96.5 26.65 22.9 27.3 66 104.1 73.7 36.85
"396" 63.5 26.2333333333333 56.7 66.05 38.1333333333333 57.15 45.7 37.2666666666667 45.7333333333333 58.4 44.8666666666667 51.6666666666667 88.9 22.6 26.175 27.5 64.3666666666667 99.1 66.9 32.725
"397" 45.7 22 58.4 77.5 43.15 60.9666666666667 47.4 38.1 51.6666666666667 56.7333333333333 45.22 53.86 90.05 24.2666666666667 29.7166666666667 29.3166666666667 60.48 73.7 64.9333333333333 32.36
"398" 45.7 22 58.4 77.5 43.15 60.9666666666667 47.4 38.1 51.6666666666667 56.7333333333333 45.22 53.86 90.05 24.2666666666667 29.7166666666667 29.3166666666667 60.48 73.7 64.9333333333333 32.36
"399" 43.175 18.425 59.675 73.6666666666667 47.4 63.5 48.875 39.375 52.7 57.8 46.5666666666667 58.875 91.86 26.6 31.6428571428571 31.85 60.22 72.0714285714286 66.8 35.0166666666667
"400" 58.4 31.75 52.05 71.1 41.9 50.8 43.2 43.2 53.3 48.3 43.2 35.6 76.2 33 35.6 30.5 57.2 76.2 68.6 43.2
"401" 53.3333333333333 27.1 56.7 71.1 35.5666666666667 63.5 44.45 38.1 36.8 66 60.1 59.7 96.5 25.8 23.3 27.3 64.3666666666667 99.1 73.7 31.7666666666667
"402" 55.0333333333333 24.75 58.4 75.3666666666667 43.2 60.9666666666667 47.4 38.1 51.45 56.7333333333333 51.65 53.86 87.28 24.4285714285714 29.7166666666667 31.5166666666667 59.7166666666667 75.1571428571429 65.525 33.7571428571429
"403" 45.7 22 58.4 77.5 43.15 60.9666666666667 47.4 38.1 51.6666666666667 56.7333333333333 50.8 56.38 87.28 24.2666666666667 30.0142857142857 31.9714285714286 60.6142857142857 73.7 64.9333333333333 32.36
"404" 45.7 22 58.4 77.5 43.15 60.9666666666667 47.4 38.1 51.6666666666667 56.7333333333333 50.8 56.38 87.28 24.2666666666667 30.0142857142857 35.1833333333333 61.1833333333333 73.7 64.9333333333333 32.36
"405" 43.175 18.425 59.675 73.6666666666667 47.4 63.5 48.875 39.375 52.7 57.8 46.4428571428571 57.5666666666667 89.25 26.6 31.6625 32.7 60.4285714285714 72.4428571428572 66.8 35.0166666666667
"406" 20.3 15.2 27.9 33 24.1 25.4 39.4 38.1 40.6 54.6 31.1 38.1 48.25 29.2 17.8 20.35 25.4 37.45 30.5 46.4
"407" 22.85 12.075 23.38 22.225 26.9 33.52 41.6 38.725 38.87 47.825 15.9333333333333 33.85 38.6166666666667 24.6111111111111 12.8272727272727 23.8071428571429 23.8181818181818 31.46 31.0428571428571 38.5888888888889
"408" 21.1666666666667 14.3666666666667 21.1666666666667 22.8666666666667 22.2 31.75 41.9111111111111 37.3571428571429 35.5666666666667 43.0555555555556 17.13 34.4714285714286 42.2444444444444 26.0875 12.9 24.5090909090909 28.6857142857143 33.0285714285714 26.8444444444444 38.5933333333333
"409" 22.25 15.2 21.34 24.15 20.7333333333333 31.3333333333333 37.9666666666667 35.67 29.5583333333333 41.0888888888889 16.61 32.2222222222222 38.0111111111111 24.3111111111111 12.1555555555556 26.2 30 33.975 23.66 38.7214285714286
"410" 22.25 15.2 21.34 24.15 20.7333333333333 31.3333333333333 37.9666666666667 35.67 27.7454545454545 40 16.5125 32.2222222222222 36.825 24.3 12.1714285714286 25.7428571428571 30.15 33.9285714285714 22.14 38.9333333333333
"411" 20.35 15.2 19.675 25.92 18.8 32.5 36.1142857142857 35.7125 25.1666666666667 38.4571428571429 16.5 29.9 31.9285714285714 21.5833333333333 13.22 27.3 29.1833333333333 32.1833333333333 21.175 36.89
"412" 19.0666666666667 14.2 19.8 24.9833333333333 18.6333333333333 33.0166666666667 33.4 34 23.4222222222222 37.4625 15.9571428571429 29.1222222222222 32.8777777777778 21.9125 12.5444444444444 28.575 29.3846153846154 31.6642857142857 20.15 37.1125
"413" 18.3 13.95 18.4 25.4 17.78 32.5 33.04 33.5571428571429 22.1285714285714 39.6875 16.24 27.5666666666667 34.4333333333333 20.8 12.9666666666667 29.7666666666667 28.5583333333333 31.0285714285714 19.6 37.7125
"414" 20.3 15.2 27.9 33 24.1 25.4 39.4 38.1 40.6 54.1666666666667 25.4 34.25 47 31.75 15.6666666666667 21.2 24.5666666666667 40.2333333333333 26.2333333333333 44.4666666666667
"415" 15.2 13.95 17.8 27.9 22.85 27.95 36.85 35.6 36.85 48.2333333333333 23.7 34.25 47 31.75 15.6666666666667 21.2 24.5666666666667 40.2333333333333 26.2333333333333 44.4666666666667
"416" 18.6 13.95 20.35 30.45 24.5333333333333 32.4 37.45 40.025 34.925 47.6 22.85 36.4 44.0333333333333 27.9333333333333 13.5666666666667 20.55 23.38 36.825 25.9 39.88
"417" 18.6 13.95 20.35 30.45 24.5333333333333 32.4 37.45 40.025 34.925 45.7333333333333 22.8333333333333 40.65 48.25 26.65 13.74 20.08 23.5 32.725 27.3 39.12
"418" 20.3 13.5333333333333 22.8666666666667 27.9333333333333 24.75 33.54 37.6666666666667 38.5333333333333 33.3714285714286 44.9857142857143 19.6 38.3 41.0666666666667 25.9 13.4444444444444 20.8 23.7111111111111 32.6375 29.9111111111111 37.9666666666667
"419" 20.95 13.5333333333333 22.225 27.9333333333333 26.65 34.04 38.7375 39.12 36.2666666666667 43.9 18.1571428571429 38.6285714285714 38.6428571428571 23.4833333333333 12.85 22.1 22.8727272727273 31.8333333333333 30.4692307692308 37.0357142857143
"420" 20.325 13.325 22.225 24.5666666666667 25.375 34.54 41.9125 36.58 38.3222222222222 46.4555555555556 17.13 36.14 39.7111111111111 23.8625 12.9416666666667 23.4846153846154 24.2636363636364 32.21 31.6384615384615 38.39375
"421" 22.85 12.075 23.38 22.225 26.9 34.2833333333333 42.0555555555556 37.08 38.4 47.5888888888889 16.37 35.1636363636364 38.54 23.7666666666667 12.7153846153846 23.45 23.7416666666667 31.3727272727273 32.16 38.7
"422" 20.3 15.2 27.9 33 24.1 25.4 39.4 38.1 40.6 54.6 27.9 40.6 58.4 30.5 17.8 20.35 16.9333333333333 37.45 20.3 45.75
"423" 22.34 12.2 23.38 22.225 26.9 33.52 41.2111111111111 39.62 37.8727272727273 47.5888888888889 15.86 34.0090909090909 38.6166666666667 24.6111111111111 13.09 23.65 23.91 31.1444444444444 31.1357142857143 39.0315789473684
"424" 21.7714285714286 13.0428571428571 22.5 22.4666666666667 24.6571428571429 32.075 39.7538461538462 36.9363636363636 35.2266666666667 43.1076923076923 16.0428571428571 33.9363636363636 37.4538461538462 23.325 13 23.8266666666667 24.4461538461538 31.4583333333333 29.0764705882353 38.6285714285714
"425" 21.1666666666667 13.1 21.6 24.15 21.7571428571429 31.4375 40 36.825 32.2461538461538 41.31 15.3272727272727 33.06 35.99 22.4 12.6 25.2333333333333 26.225 32.25 25.56 38.4357142857143
"426" 21.36 13.18 21.1666666666667 24.3285714285714 20.3142857142857 31.7625 36.2545454545455 35.8909090909091 29.6307692307692 38.1 14.98 32.05 35.05 21.2625 12.8444444444444 25.1111111111111 28.6571428571429 32.6 21.4888888888889 36.9615384615385
"427" 19.84 13.18 19.8 25.8333333333333 18.6333333333333 32.6571428571429 34.8 34.92 25.6727272727273 36.9666666666667 15.55 30.02 30.4777777777778 20.3125 13.175 26.8 27.9222222222222 30.99 21.3363636363636 36.7357142857143
"428" 19.5 12.6833333333333 19.8833333333333 25.0428571428571 18.5142857142857 32.6571428571429 33.03 34.66 23.87 38.6555555555556 15.55 29 30.3333333333333 20.9625 13.4 27.81 28.2727272727273 30.0285714285714 21.2166666666667 36.2857142857143
"429" 18.1125 13.4142857142857 19.5857142857143 25.0875 17.15 31.4375 31.7555555555556 32.7444444444444 21.5 39.9454545454545 15.2444444444444 27.0166666666667 32.0583333333333 20.7909090909091 14.2083333333333 29.7 27.5933333333333 30.4111111111111 21.8 36.6315789473684
"430" 15.2 15.2 7.6 7.6 27.9 30.5 48.3 43.2 45.7 53.3 27.9 40.6 58.4 30.5 17.8 20.35 16.9333333333333 37.45 20.3 45.75
"431" 15.2 13.95 17.8 27.9 22.85 27.95 36.85 35.6 36.85 47 24.1 40.6 58.4 30.5 17.8 20.35 16.9333333333333 37.45 20.3 46.4
"432" 14.3666666666667 13.5333333333333 20.35 25.4 21.1666666666667 31.3333333333333 35.55 35.575 33.025 44.425 19.675 34.7333333333333 38.9333333333333 20.3333333333333 15.25 21.1 18.425 31.425 24.125 39.12
"433" 14.3666666666667 13.5333333333333 20.35 25.4 21.1666666666667 31.3333333333333 35.55 35.575 33.025 44.425 19.675 34.7333333333333 38.9333333333333 21.1666666666667 15.25 21.1 24.5666666666667 31.425 32.1666666666667 39.12
"434" 16.76 17.78 30.98 29.46 24.42 27.96 41.275 37.58 33.54 46.55 24.7666666666667 24.9666666666667 46.4857142857143 22.4166666666667 22.88 19.0166666666667 19.82 38.6 19.8 38.8666666666667
"435" 17.26 13.7 22.225 24.5666666666667 22.32 33.02 37.775 35.5666666666667 35.69 44.5777777777778 18.3555555555556 36.2555555555556 37.4625 22.8571428571429 14.2444444444444 21.6 23.25 31.4090909090909 30.9615384615385 37.6133333333333
"436" 16.76 17.78 30.98 29.46 24.42 27.96 41.275 37.58 33.54 45.2 22.86 24.38 48.3 21.32 22.88 19.0166666666667 19.82 38.6 19.8 37.6
"437" 17.775 13.325 22.225 24.5666666666667 24.1 33.65 37.3714285714286 35.56 35.9888888888889 43.4875 17.1625 36.6625 36.35 21.5857142857143 13.7714285714286 22.1 23.3 31.0555555555556 31.5333333333333 36.4333333333333
"438" 20.975 12.075 23.5 22.9 26.65 35.04 43.5 37.08 39.1666666666667 47.3125 16.1 36.19 38.9090909090909 23.6625 13.0166666666667 22.6769230769231 23.7416666666667 31.875 32.1375 38.5684210526316
"439" 20.34 12.2 23.38 22.225 26.9 34.2833333333333 42.0555555555556 37.08 38.4 47.5888888888889 16.37 35.1636363636364 38.7692307692308 24.18 12.925 23.6285714285714 23.8181818181818 31.7727272727273 31.6125 38.8238095238095
"440" 17.8 17.8 25.4 20.3 24.1 30.5 39.35 38.1 33.05 44.45 24.1 30.45 45.7 22.85 20.3 22.9 15.2 33 20.3 48.3
"441" 15.25 19.05 30.5 25.4 21.6 31.75 40.65 36.8 30.5 39.4 20.3 22.9 41.9 20.3 20.3 22.9 12.7 38.1 12.9 27.9
"442" 22 12.6833333333333 25.4166666666667 22.38 24.95 33.7428571428571 41.3363636363636 39.9142857142857 37.3230769230769 46.74 15.9363636363636 35.8666666666667 38.4 23.75 13.6090909090909 23.7461538461538 23.2 32.0916666666667 30.6470588235294 38.8238095238095
"443" 22.1285714285714 13.0428571428571 25.4142857142857 22.8833333333333 24.6571428571429 33.35 40.8583333333333 38.4125 36.5384615384615 46.4181818181818 16.0916666666667 35.6461538461538 38.0142857142857 23.4363636363636 13.5333333333333 23.8642857142857 23.2769230769231 31.6666666666667 30.1235294117647 38.9952380952381
"444" 20.6857142857143 11.9571428571429 21.4142857142857 24.3285714285714 21.2625 31.3333333333333 39.49 36.1875 31.9666666666667 41.2111111111111 14.48 32.4444444444444 34.8 21.4555555555556 13.18 23.925 25.9888888888889 31.64 25.0083333333333 37.7058823529412
"445" 20.975 12.675 22.36 24.5666666666667 20.7333333333333 31.9428571428571 36.9777777777778 35.9142857142857 30.4 39.5571428571429 14.2875 32.4375 36.5125 21.4 13.1222222222222 24.2666666666667 27.3 32.0333333333333 22.3444444444444 36.9571428571429
"446" 19.5 12.6833333333333 20.3142857142857 24.1375 19.6875 32.7444444444444 32.8083333333333 34.7454545454545 25.4384615384615 39.62 14.6666666666667 29.8272727272727 30.73 19.81 13.08 27.2363636363636 27 30.9 21.9615384615385 35
"447" 19.5 12.6833333333333 19.8833333333333 25.0428571428571 18.5142857142857 33.025 33.0181818181818 34.16 24.0090909090909 39.62 14.85 29.6666666666667 31.2818181818182 20.4363636363636 13.5454545454545 27.7384615384615 27.0461538461538 30.6571428571429 22.5714285714286 35
"448" 18.5285714285714 13.4142857142857 19.5857142857143 25.0875 17.15 31.4375 31.37 33.35 21.08 40.89 14.48 28.0692307692308 31.7384615384615 21.3727272727273 14.5357142857143 29.72 27.6733333333333 30.08125 22.3571428571429 35.4058823529412
"449" 16.525 12.075 19.675 26.4 16.26 30.4833333333333 31.1636363636364 35.56 26.4181818181818 46.8833333333333 14.075 28.3928571428571 31.7428571428571 20.75 16.5307692307692 30.4866666666667 27.0866666666667 30.6333333333333 21.7529411764706 37.53
"450" 15.2 15.2 7.6 7.6 27.9 30.5 48.3 43.2 45.7 53.3 27.9 40.6 58.4 30.5 17.8 20.35 16.9333333333333 37.45 20.3 45.75
"451" 13.95 13.95 22.9 22.9 22.85 30.5 39.35 38.1 34.3 46.95 19.05 29.2 39.35 20.35 17.8 20.35 16.9333333333333 32.6 19.4666666666667 38.1333333333333
"452" 16.1 14.4 27.9 29.6333333333333 21.2 29.6333333333333 44.8666666666667 34.7 31.3333333333333 45.075 21.9 21.575 42.55 23.26 25.4333333333333 17.8 18.6333333333333 35.5333333333333 19.4666666666667 30.5
"453" 13.95 13.95 22.9 22.9 22.85 34.3 38.9333333333333 35.5666666666667 33.8666666666667 46.5333333333333 19.4666666666667 34.7333333333333 38.9333333333333 20.3333333333333 15.25 21.1 18.425 31.425 24.125 39.12
"454" 16.26 16.26 27.925 29.46 21.88 32.5 40 37.58 33.54 47.8166666666667 22.65 22 44.3142857142857 24.9571428571429 23.9 19.4333333333333 20.32 38.1 20.82 32.52
"455" 15.875 17.15 27.9666666666667 29.85 22.9 36.825 39.375 42.3 34.3 47.6 22.225 22.875 47.3 25.3 22.25 21.28 20.95 41.275 22.225 31.75
"456" 18.6333333333333 13.95 23.7 22.9 27.0666666666667 37.45 40.625 36.825 37.25 44.4375 16.85 36.6625 34.8555555555556 21.0428571428571 13.9555555555556 22.11 22.74 31.6454545454545 29.9846153846154 36.94
"457" 15.2333333333333 21.1666666666667 27.325 29.85 22.9 36.2 38.9333333333333 41.25 32.4 48.875 24.15 23.525 48.325 27.9333333333333 22.0333333333333 21.525 21.1666666666667 41.5 23.7 33.0333333333333
"458" 18.425 13.2 23.5 22.9 24.36 36.8166666666667 41.65 37.08 35.89 45.21 16.53 35.17 34.7545454545455 20.96 14.44 22.6769230769231 22.0416666666667 31.775 31.26875 37.8105263157895
"459" 18.3 12.7 23.38 21.625 24.95 35.1333333333333 40.13 36.9454545454545 37.2083333333333 45.21 16.4090909090909 34.7454545454545 34.7545454545455 20.96 13.8181818181818 22.6928571428571 22.0416666666667 31.9692307692308 31.26875 37.445
"460" 22 12.6833333333333 25.4166666666667 22.38 24.2857142857143 35.875 42.9545454545455 38.4571428571429 37.3230769230769 48.52 16.6363636363636 37.35 38.5571428571429 23.4363636363636 13.8272727272727 23.7133333333333 22.9846153846154 32.7461538461538 31.9111111111111 39.095652173913
"461" 17.8 17.8 25.4 20.3 20.3 30.5 38.1 33 25.4 35.6 20.3 25.4 33 15.2 0 0 4.05 25.4 9.2 27.9
"462" 15.25 19.05 30.5 25.4 21.6 31.75 40.65 36.8 30.5 39.4 20.3 22.9 41.9 21 20.3 22.9 12.7 38.1 12.9 27.9
"463" 22 12.6833333333333 25.4166666666667 22.38 24.2857142857143 34.925 41.4916666666667 40 36.9307692307692 46.8818181818182 16.0916666666667 36.9285714285714 37.8357142857143 22.9727272727273 13.9583333333333 24.0428571428571 22.7846153846154 32.9461538461538 30.9222222222222 38.4904761904762
"464" 22.1285714285714 13.0428571428571 25.4142857142857 22.8833333333333 24.6571428571429 33.35 40.8583333333333 38.4125 36.5384615384615 47 15.8181818181818 36.9384615384615 37.6833333333333 23.37 13.4692307692308 23.5 22.7846153846154 32.0428571428571 29.5833333333333 38.4954545454545
"465" 21.1666666666667 11.8333333333333 25 24.6857142857143 20.6714285714286 32.7125 39.2222222222222 37.4625 31.62 43.825 14.3888888888889 34.82 36.1333333333333 21.9125 13.2333333333333 24.7181818181818 24.475 31.38 26.075 36.8117647058824
"466" 19.7 12.05 21.6 24.4 20.82 31.3333333333333 34.4333333333333 34.2833333333333 26.8222222222222 37.0142857142857 13.7857142857143 33.3625 31.5714285714286 20.3142857142857 13.175 25.3875 25.3875 31.1125 21.7888888888889 34.5928571428571
"467" 19.075 11.45 20.95 24.9 20.75 32.1833333333333 33.52 34.925 23.7 39.5111111111111 14.3888888888889 31.26 30.7666666666667 19.7555555555556 13.2555555555556 26.5454545454545 25.9 30.4727272727273 22.8416666666667 34.875
"468" 18.82 12.18 20.82 25.4 20.3285714285714 33.3857142857143 33.2454545454545 35.2777777777778 24.12 40.64 14.6 29.5545454545455 29.59 19.44 14.01 27.9416666666667 27.1916666666667 30.2583333333333 22.7153846153846 34.4866666666667
"469" 17.8 12.2 23.36 25.8166666666667 21.4285714285714 35.5666666666667 31.5090909090909 38.3888888888889 24.38 45.7181818181818 14.7727272727273 28.4384615384615 31.8384615384615 19.5181818181818 15.5615384615385 29.0307692307692 26.9833333333333 30.1769230769231 24.4 34.3733333333333
"470" 17.8 17.8 25.4 20.3 24.1 30.5 39.35 38.1 33.05 44.45 24.1 30.45 45.7 22.85 20.3 22.9 15.2 33 20.3 45.7
"471" 16.1 14.4 30.5 27.1 22.0333333333333 33.8666666666667 42.3333333333333 35.5666666666667 30.5 39.8 18.6 21.2 42.3333333333333 20.825 22.9 21.6 19.05 39.35 21.6 29.2
"472" 15.25 14 24.15 21.6 22 30.5 38.9333333333333 35.5666666666667 30.5 43.1666666666667 19.4666666666667 27.1 37.2333333333333 18.6333333333333 17.8 20.35 16.9333333333333 32.6 19.4666666666667 38.1333333333333
"473" 15.25 15.25 30.5 30.5 22.9 35.55 47 40.6 33.05 41.9 17.75 22.9 47 22.7 22.9 21.6 19.05 39.35 21.6 29.2
"474" 13.95 14.3666666666667 22.9 22.9 22.85 36.4 41.64 36.175 34.3 46.325 19.05 34.7333333333333 37.45 20.325 13.9833333333333 21.4 18.8 32 22.34 38.1
"475" 15.875 17.15 27.9666666666667 29.85 22.9 36.825 39.375 42.3 34.3 47.6 20.95 22.875 47.3 25.3 22.25 21.28 20.95 41.275 22.225 31.75
"476" 13.95 14.3666666666667 22.9 22.9 22.85 36.4 41.64 36.175 34.3 59.94 21.14 39.65 37.45 20.325 13.98 21.1 17.15 33.02 22.6 36.82
"477" 15.875 17.15 27.325 29.98 22.9 36.58 40.625 41.25 32.02 47.22 20.75 22.88 47.3 25.3 22.25 21.28 20.95 41.275 22.225 31.75
"478" 19.05 13.5333333333333 25.4 22.9 25.3666666666667 40 42.5375 37.775 36.2111111111111 43.175 18.15 37.9125 34.6125 20.3142857142857 14.275 22.3 21.8777777777778 32.78 30.8272727272727 36.7583333333333
"479" 15.875 17.15 27.325 29.98 22.9 36.58 40.625 41.25 32.02 47.22 22.36 22.88 47.3 25.3 22.25 21.28 20.95 41.275 22.225 31.75
"480" 18.8 13.1166666666667 26.25 22.38 21.7857142857143 39.675 45.5 37.4625 35.4454545454545 44.8083333333333 17.925 38.2833333333333 34.1916666666667 21.09 14.7454545454545 23.0692307692308 21.4083333333333 35.6769230769231 31.1875 37.6105263157895
"481" 15.2333333333333 21.1666666666667 27.325 29.85 22.9 36.2 38.9333333333333 41.25 32.4 48.875 24.15 23.525 48.325 27.9333333333333 22.0333333333333 21.525 21.1666666666667 41.5 23.7 33.0333333333333
"482" 19.8833333333333 13.0571428571429 25.7714285714286 21.6166666666667 22.5125 38.6555555555556 44.3461538461538 37.4625 36.5384615384615 44.8083333333333 17.7153846153846 37.6846153846154 34.9285714285714 21.3636363636364 14.15 23.2133333333333 21.8153846153846 35.6769230769231 31.3705882352941 37.3571428571429
"483" 21.32 13.1166666666667 26.25 21.86 23.5571428571429 38.725 45.4818181818182 38.1 37.4090909090909 47.1333333333333 17.03 36.43 35.675 22.7222222222222 14.69 23.6166666666667 21.725 38.0090909090909 30.95 38.33
"484" 17.8 17.8 25.4 20.3 20.3 30.5 38.1 33 25.4 35.6 20.3 25.4 33 15.2 0 0 4.05 25.4 9.2 27.9
"485" 17.8 17.8 25.4 20.3 20.3 30.5 38.1 33.65 25.4 38.5 20.3 25.4 33.05 18.8 7.6 5.7 11.4 27.9 9.2 27.9
"486" 21.32 12.7 26.25 21.86 23.5571428571429 37.4625 44.96 38.5166666666667 37.6454545454545 46.05 16.5111111111111 37.1818181818182 35.1090909090909 22.5777777777778 13.9583333333333 23.9384615384615 21.1916666666667 36.1166666666667 30.4294117647059 38.065
"487" 20.82 12.7 25.42 22.875 22 33.0142857142857 39.63 38.5166666666667 34.93 45.7285714285714 16.5 36.59 33.6625 21.0428571428571 13.81 24.6666666666667 20.6333333333333 32.9272727272727 29.4461538461538 38.1625
"488" 20.32 11.45 28.8 22.8666666666667 23.2285714285714 34.9375 38.425 40.95 33.4 45.4125 17.2 38.12 39.11 20.7555555555556 16.3555555555556 26.475 23.7222222222222 32.91 29.15 37.0615384615385
"489" 20.3333333333333 11.8333333333333 28.575 23.88 24.5666666666667 34.4857142857143 35.82 40.2714285714286 29.3444444444444 41.2875 15.8625 36.7111111111111 38.6555555555556 19.6111111111111 16.9333333333333 27.94 25.13 33.8666666666667 26.4909090909091 36.6769230769231
"490" 21.2 11.425 31.1 25.9 25.0571428571429 35.5714285714286 36.4636363636364 41.4777777777778 27.68 43.95 16.25 37.4272727272727 37.4 19.5090909090909 15.0090909090909 28.7230769230769 26.025 33.7090909090909 26.8538461538462 36.23125
"491" 18.82 11.45 29.2 25.0285714285714 24.0111111111111 36.4222222222222 34.9615384615385 42.2545454545455 26.6666666666667 44.2416666666667 16.3076923076923 34.8857142857143 36.8153846153846 19.1538461538462 15.0066666666667 28.74375 26.24 32.5066666666667 27.35 35.3894736842105
"492" 17.8 11.45 26.025 24.775 22.88 40.66 33.64 43.5 26.2444444444444 50.03 14.8083333333333 32 34.0583333333333 18.8272727272727 16.5384615384615 29.1166666666667 26.0909090909091 29.7923076923077 27.4090909090909 33.5642857142857
"493" 17.28 11.7 26.92 25.4 22.45 40.2333333333333 36.7166666666667 45.9416666666667 32.9266666666667 52.5941176470588 14.95 29.41 37.2388888888889 19.8647058823529 23.45 31.8 25.5588235294118 34.165 25.4722222222222 36.255
"494" 17.8 17.8 25.4 20.3 20.3 30.5 38.1 33 25.4 35.6 20.3 25.4 33 15.2 0 0 4.05 25.4 9.2 27.9
"495" 15.875 14.4 29.2 28.575 20.975 33.025 44.0333333333333 38.9333333333333 29.225 40.65 17.125 21.625 36.825 19.7 22.9 22.8666666666667 19.05 39.35 21.6 29.2
"496" 15.25 14 24.15 21.6 19.05 30.5 38.1 36.8 30.0666666666667 41.0666666666667 16.5 26 26.65 13.95 18.4 26.7 12.7 31.75 14.35 27.9333333333333
"497" 15.875 14.4 29.2 28.575 20.975 33.025 44.0333333333333 38.9333333333333 29.225 40.65 17.125 21.625 36.825 19.7 22.9 22.8666666666667 19.05 39.35 21.6 29.2
"498" 12.7 13.95 22.9 22.9 17.8 40.6 43.1666666666667 40.6 34.3 63.475 18.825 35.6666666666667 27.95 15.25 17.3333333333333 24.8 12.7 30.5 14.6333333333333 31.45
"499" 15.875 13.5666666666667 28.575 31.5 22.38 38.1 45.725 44.425 30.5 45.2 19.4666666666667 22.88 40.65 21.74 22.9 22.875 21.1666666666667 44.8666666666667 22.8666666666667 32.1666666666667
"500" 15.74 17.15 27.44 30.4833333333333 22.4666666666667 36.58 42.16 42.14 30.5 46.55 20.75 22.88 47.3 25.3 22.25 21.28 20.95 41.275 22.225 31.75
"501" 13.95 11.8333333333333 27.1 22.0333333333333 20.975 44.18 49.8375 37.3571428571429 32.3833333333333 45.3875 18.3 37.0571428571429 34.3 17.7666666666667 16.5 23.0666666666667 20.65 41.3333333333333 30.6222222222222 35.71
"502" 15.875 17.15 27.325 29.98 22.9 36.58 40.625 41.25 32.02 47.22 20.75 22.88 47.3 25.3 22.25 21.28 20.95 41.275 22.225 31.75
"503" 19.0333333333333 12.3285714285714 26.8571428571429 22.8833333333333 21.2875 39.7777777777778 45.9076923076923 36.9666666666667 34.5583333333333 44.175 17.6 37.9384615384615 33.875 20.3666666666667 16.0923076923077 22.8714285714286 20.8928571428571 34.2142857142857 31.35 37.7833333333333
"504" 19.2142857142857 12.375 26.8571428571429 22.8833333333333 21.2875 39.9875 46.5583333333333 37.775 34.7545454545455 44.9166666666667 17.6 36.9615384615385 34.0916666666667 20.1583333333333 17.3615384615385 23.1615384615385 20.5285714285714 33.7642857142857 30.9277777777778 37.9315789473684
"505" 21.32 13.1166666666667 26.25 21.86 23.5571428571429 38.725 45.4818181818182 38.1 37.4090909090909 47.95 16.8 37.27 34.81 22.0777777777778 15.7818181818182 23.4545454545455 20.9833333333333 38.0090909090909 31.3 38.6222222222222
